0 30429
1 32766
2 32091
3 31675
4 31567
5 31481
6 31237
7 31216
8 31031
9 30116
10 29004
11 27178
12 24399
13 21203
14 18604
15 18473
16 20426
17 23817
18 26525
19 29120
20 30326
21 30854
22 31489
23 31580
24 31354
25 31618
26 31391
27 31396
28 31262
29 31237
30 31050
31 30990
32 31219
33 31481
34 31379
35 31706
36 31667
37 31794
38 31530
39 31689
40 31661
41 31515
42 31526
43 31428
44 31465
45 31651
46 31543
47 31739
48 31737
49 31417
50 31534
51 31234
52 31271
53 31313
54 31310
55 31393
56 31687
57 32015
58 31980
59 32095
60 31994
61 31876
62 31865
63 31801
64 31829
65 31556
66 31763
67 31609
68 31280
69 31174
70 31301
71 31310
72 31558
73 31380
74 31419
75 31513
76 31462
77 31363
78 31504
79 31334
80 31534
81 31526
82 31789
83 31571
84 31623
85 31539
86 31460
87 31485
88 31497
89 31473
90 31379
91 31288
92 31108
93 30810
94 30453
95 29766
96 30003
97 30265
98 30220
99 30499
100 30573
101 30433
102 30233
103 30199
104 30542
105 30836
106 31099
107 31269
108 31202
109 31398
110 31535
111 31606
112 31493
113 31372
114 31362
115 31321
116 31415
117 31452
118 31476
119 31455
120 31409
121 31319
122 31663
123 31195
124 31282
125 30900
126 31019
127 30882
128 30832
129 30844
130 30777
131 30936
132 30920
133 30807
134 30937
135 30797
136 30882
137 30782
138 31062
139 31072
140 31067
141 31243
142 31636
143 31406
144 31356
145 31431
146 31249
147 31367
148 31301
149 31376
150 31320
151 31339
152 31281
153 31541
154 31115
155 31217
156 31304
157 31305
158 31379
159 31431
160 31252
161 31386
162 31399
163 31399
164 31282
165 31402
166 31400
167 31284
168 31143
169 30905
170 30719
171 30454
172 30339
173 30025
174 30180
175 30253
176 29848
177 28999
178 27029
179 24745
180 22709
181 22061
182 23370
183 25555
184 27686
185 29131
186 30081
187 30737
188 31009
189 31266
190 31247
191 31213
192 31277
193 31610
194 31197
195 31252
196 31261
197 31142
198 31308
199 31238
200 31211
201 31127
202 31259
203 31235
204 31259
205 31238
206 31122
207 31040
208 30887
209 31003
210 30797
211 30460
212 29751
213 29024
214 27690
215 26938
216 27456
217 28430
218 29231
219 29965
220 30400
221 30571
222 30684
223 30719
224 30806
225 30833
226 30745
227 30729
228 30719
229 30627
230 30319
231 30153
232 30401
233 30718
234 30329
235 30568
236 30555
237 30497
238 30490
239 30628
240 30880
241 30890
242 30912
243 31025
244 30851
245 31164
246 30911
247 30793
248 30786
249 30425
250 29981
251 29674
252 29762
253 29885
254 29701
255 30043
256 30080
257 30188
258 30029
259 29952
260 29877
261 29866
262 30252
263 30554
264 30633
265 30954
266 30945
267 31095
268 31216
269 30900
270 31022
271 30748
272 30876
273 30690
274 30745
275 30838
276 30823
277 30890
278 31004
279 30779
280 31079
281 30792
282 30999
283 31135
284 30870
285 31025
286 31006
287 30805
288 30923
289 31021
290 30927
291 30958
292 30899
293 31071
294 31050
295 30897
296 30923
297 30926
298 30945
299 31080
300 30645
301 30697
302 30338
303 30447
304 30514
305 30502
306 30645
307 30605
308 30640
309 30901
310 30871
311 30762
312 31509
313 30967
314 30906
315 30892
316 30797
317 30842
318 31094
319 30827
320 30735
321 30631
322 30480
323 30303
324 29762
325 29635
326 29457
327 29781
328 29743
329 30284
330 30175
331 30053
332 30352
333 30592
334 30495
335 30995
336 30734
337 30719
338 30507
339 30660
340 30625
341 30451
342 30660
343 30372
344 30128
345 29590
346 29409
347 29444
348 29827
349 30294
350 30553
351 30600
352 30630
353 30706
354 30779
355 30773
356 30714
357 30625
358 30497
359 30734
360 30527
361 30492
362 30483
363 30356
364 30547
365 30699
366 30683
367 30489
368 30836
369 30703
370 30601
371 30571
372 30672
373 30586
374 30667
375 30514
376 30544
377 30547
378 30450
379 30452
380 30632
381 30288
382 30202
383 30068
384 29746
385 29667
386 29300
387 29121
388 27680
389 25818
390 25173
391 26068
392 27596
393 28487
394 28732
395 28056
396 26396
397 26130
398 27286
399 28054
400 28258
401 28313
402 29060
403 29426
404 29629
405 29684
406 29664
407 29673
408 29476
409 29400
410 28863
411 27567
412 25460
413 24045
414 24804
415 25348
416 24921
417 24058
418 24381
419 24984
420 26221
421 27273
422 26953
423 25892
424 25524
425 27162
426 28143
427 28334
428 28289
429 27930
430 28420
431 28531
432 28117
433 27414
434 25968
435 24399
436 22876
437 20906
438 19480
439 19587
440 21525
441 24225
442 25916
443 27121
444 27813
445 27990
446 27891
447 27756
448 28067
449 28835
450 29359
451 29466
452 29970
453 30076
454 29984
455 30110
456 30110
457 30078
458 30048
459 30000
460 29653
461 29446
462 28639
463 26704
464 25019
465 25661
466 27314
467 28522
468 28789
469 28275
470 26512
471 24347
472 24305
473 26341
474 27602
475 28245
476 28278
477 28224
478 27939
479 28035
480 28352
481 29005
482 29333
483 29686
484 29624
485 29624
486 29793
487 29765
488 29427
489 28632
490 27551
491 26388
492 25572
493 25542
494 25959
495 26595
496 25816
497 24606
498 24761
499 26844
500 28618
501 29298
502 29948
503 29957
504 30123
505 30018
506 29979
507 29938
508 29913
509 29637
510 29415
511 28941
512 27561
513 25124
514 23830
515 25058
516 26461
517 26855
518 25570
519 23144
520 20481
521 19468
522 20447
523 23043
524 25352
525 27041
526 28040
527 28679
528 29265
529 29687
530 29612
531 29816
532 29450
533 29407
534 29562
535 29665
536 29474
537 29111
538 27824
539 25668
540 25751
541 26961
542 28702
543 29392
544 29726
545 29975
546 30202
547 30160
548 30288
549 30225
550 30182
551 29967
552 29816
553 29291
554 29342
555 29197
556 29623
557 29613
558 29576
559 29648
560 29659
561 29587
562 29305
563 28187
564 26455
565 25066
566 25935
567 27717
568 28700
569 29266
570 29764
571 29702
572 30121
573 30040
574 29868
575 29696
576 30069
577 30067
578 29799
579 29516
580 28996
581 28250
582 27317
583 26305
584 26253
585 26367
586 26545
587 26429
588 26153
589 24961
590 23752
591 23710
592 24680
593 25837
594 26881
595 27745
596 28843
597 29255
598 29813
599 29898
600 30037
601 30093
602 30027
603 30108
604 29949
605 30104
606 30021
607 30242
608 30157
609 30101
610 30045
611 30182
612 30009
613 30242
614 30044
615 30161
616 30216
617 30099
618 30062
619 30131
620 29983
621 30069
622 30017
623 29503
624 28253
625 27084
626 27364
627 28365
628 29145
629 29704
630 29761
631 29935
632 30091
633 30168
634 30171
635 30067
636 30427
637 30312
638 30177
639 30073
640 30073
641 30264
642 30345
643 30353
644 30023
645 30025
646 30004
647 29712
648 29316
649 28716
650 28582
651 29120
652 29493
653 29748
654 30079
655 30053
656 30207
657 29998
658 30302
659 29775
660 29596
661 29550
662 29734
663 29809
664 29723
665 29824
666 29789
667 29426
668 29063
669 28347
670 28459
671 28776
672 28830
673 29618
674 29951
675 29930
676 29731
677 30063
678 30084
679 30140
680 30016
681 29753
682 29662
683 29744
684 29701
685 29530
686 29479
687 29168
688 28398
689 27678
690 26878
691 25956
692 26330
693 27013
694 28084
695 28565
696 28894
697 28950
698 28847
699 28350
700 27730
701 27027
702 26673
703 26905
704 27482
705 28450
706 29108
707 29408
708 29690
709 29792
710 29751
711 29905
712 29984
713 29788
714 29954
715 29837
716 30009
717 29891
718 29883
719 29893
720 29897
721 30001
722 29769
723 29918
724 29744
725 30110
726 29926
727 29897
728 29753
729 29855
730 29955
731 29768
732 29912
733 29831
734 29632
735 29617
736 29406
737 29085
738 29130
739 29318
740 29265
741 29513
742 29633
743 29719
744 29769
745 29656
746 29679
747 29603
748 29407
749 29507
750 29488
751 29320
752 29535
753 29054
754 28031
755 27281
756 27404
757 28587
758 28819
759 29190
760 28976
761 29069
762 29082
763 29178
764 29542
765 29804
766 29714
767 29772
768 29867
769 29656
770 29623
771 29431
772 29235
773 29167
774 28921
775 29279
776 29363
777 29604
778 29755
779 29890
780 29892
781 29731
782 29855
783 29862
784 29859
785 29771
786 29708
787 29858
788 29794
789 29666
790 30333
791 32375
792 30878
793 29866
794 29585
795 29518
796 29391
797 29283
798 29296
799 29144
800 28569
801 28066
802 28213
803 28616
804 29046
805 28900
806 29040
807 28591
808 27406
809 26231
810 26999
811 27605
812 28644
813 29004
814 29516
815 29381
816 29563
817 29580
818 29623
819 29640
820 29590
821 29548
822 29802
823 29687
824 29613
825 29596
826 29545
827 29529
828 29425
829 29520
830 29651
831 29390
832 29260
833 28994
834 28597
835 27104
836 25489
837 25273
838 26900
839 28126
840 28732
841 29344
842 29435
843 29388
844 29400
845 29105
846 28742
847 28689
848 28672
849 28761
850 29094
851 29009
852 28956
853 28926
854 28548
855 27831
856 26559
857 25495
858 24007
859 22061
860 20593
861 20166
862 21188
863 22789
864 24586
865 26144
866 27387
867 28330
868 28923
869 29017
870 29437
871 29474
872 29616
873 29575
874 29579
875 29635
876 29642
877 29546
878 29543
879 29422
880 29703
881 29527
882 29677
883 29548
884 29463
885 29481
886 29300
887 29590
888 29431
889 29372
890 29326
891 29440
892 29408
893 29233
894 29296
895 29218
896 29070
897 28820
898 28287
899 26562
900 25080
901 25503
902 27082
903 28313
904 28738
905 29134
906 29124
907 29491
908 29206
909 29206
910 29168
911 28881
912 28389
913 27716
914 26899
915 26077
916 26479
917 27192
918 27712
919 27818
920 27591
921 27253
922 26903
923 27054
924 26659
925 25722
926 23773
927 24047
928 26148
929 27747
930 28543
931 29025
932 29162
933 29196
934 29383
935 29642
936 29455
937 29299
938 29292
939 29244
940 29339
941 29322
942 29605
943 29669
944 29472
945 29524
946 29433
947 29494
948 29420
949 29353
950 29368
951 29146
952 29224
953 29111
954 28913
955 28802
956 28088
957 27351
958 27580
959 27639
960 28207
961 28648
962 28898
963 29260
964 29282
965 29353
966 29330
967 29510
968 29662
969 29596
970 29573
971 29457
972 29510
973 29372
974 29427
975 29598
976 29279
977 29260
978 29246
979 29013
980 28487
981 27988
982 27497
983 27494
984 28108
985 28628
986 28928
987 29203
988 29483
989 29405
990 29373
991 29340
992 29277
993 29306
994 29137
995 28912
996 28527
997 27957
998 26634
999 24689
1000 24334
1001 26122
1002 27778
1003 28361
1004 28683
1005 29040
1006 29672
1007 29327
1008 29461
1009 29351
1010 29302
1011 29381
1012 29395
1013 29343
1014 29224
1015 29335
1016 29231
1017 29198
1018 29157
1019 29248
1020 29252
1021 28863
1022 28398
1023 27852
1024 25763
1025 23823
1026 24169
1027 25887
1028 27618
1029 28070
1030 28550
1031 28614
1032 28979
1033 29166
1034 29092
1035 29155
1036 29237
1037 29103
1038 28937
1039 28674
1040 28433
1041 28167
1042 27828
1043 27919
1044 28139
1045 28696
1046 28815
1047 28944
1048 29172
1049 29178
1050 29379
1051 29250
1052 29259
1053 29346
1054 29395
1055 29392
1056 29433
1057 29135
1058 29360
1059 29151
1060 29266
1061 29197
1062 29130
1063 29051
1064 28849
1065 28414
1066 28101
1067 27053
1068 26326
1069 26555
1070 27119
1071 28142
1072 28545
1073 28860
1074 28814
1075 28936
1076 28854
1077 28896
1078 28637
1079 28565
1080 28078
1081 27101
1082 25365
1083 22922
1084 20106
1085 18111
1086 18272
1087 20300
1088 23106
1089 25534
1090 27005
1091 27876
1092 28585
1093 28843
1094 28911
1095 28884
1096 28469
1097 28874
1098 28880
1099 29095
1100 29214
1101 28998
1102 29071
1103 28602
1104 28491
1105 27867
1106 26339
1107 24682
1108 24523
1109 26397
1110 27839
1111 28400
1112 28806
1113 29057
1114 29268
1115 29348
1116 29225
1117 29138
1118 29160
1119 29231
1120 29117
1121 29198
1122 29083
1123 29026
1124 28921
1125 28896
1126 28728
1127 28953
1128 28427
1129 28130
1130 27696
1131 26391
1132 24236
1133 22964
1134 24245
1135 25914
1136 26864
1137 27363
1138 27871
1139 27782
1140 27374
1141 26848
1142 26083
1143 25472
1144 25127
1145 25128
1146 25421
1147 26337
1148 27121
1149 28157
1150 28168
1151 28685
1152 28990
1153 29565
1154 29110
1155 29226
1156 29191
1157 29385
1158 29169
1159 29353
1160 29097
1161 29307
1162 29161
1163 29090
1164 29049
1165 29150
1166 28764
1167 28495
1168 28389
1169 28361
1170 28535
1171 28835
1172 29147
1173 29213
1174 29307
1175 29044
1176 29127
1177 28980
1178 28727
1179 28489
1180 28315
1181 28245
1182 28258
1183 28744
1184 28828
1185 28957
1186 29050
1187 29177
1188 29205
1189 29098
1190 28807
1191 28701
1192 28940
1193 28761
1194 28843
1195 28683
1196 28696
1197 28327
1198 28093
1199 27781
1200 27149
1201 26683
1202 25854
1203 24348
1204 22326
1205 19908
1206 17243
1207 15161
1208 14691
1209 16119
1210 18651
1211 21354
1212 23703
1213 25365
1214 26689
1215 27399
1216 27892
1217 28240
1218 28132
1219 28097
1220 28280
1221 28172
1222 27425
1223 26159
1224 24575
1225 25183
1226 26850
1227 27706
1228 28339
1229 28587
1230 28864
1231 28585
1232 28609
1233 28116
1234 27857
1235 27069
1236 26144
1237 24173
1238 21837
1239 19244
1240 17599
1241 17802
1242 19555
1243 22095
1244 24472
1245 25879
1246 26926
1247 26897
1248 26007
1249 24542
1250 24719
1251 26238
1252 27887
1253 28261
1254 28750
1255 29031
1256 29118
1257 29060
1258 29356
1259 29213
1260 29303
1261 29341
1262 29256
1263 29274
1264 29435
1265 29255
1266 29370
1267 29391
1268 29174
1269 29083
1270 28822
1271 28478
1272 28490
1273 28518
1274 28778
1275 29000
1276 29172
1277 28941
1278 28887
1279 28874
1280 28564
1281 28140
1282 28014
1283 28193
1284 28400
1285 28756
1286 29127
1287 29294
1288 29265
1289 29294
1290 29332
1291 29399
1292 29118
1293 29223
1294 29030
1295 28974
1296 29148
1297 29094
1298 28746
1299 28760
1300 28613
1301 28446
1302 28356
1303 28841
1304 28738
1305 28785
1306 29371
1307 29019
1308 29445
1309 29495
1310 29550
1311 29523
1312 29635
1313 29547
1314 29707
1315 29618
1316 29622
1317 29493
1318 29692
1319 29474
1320 29640
1321 29425
1322 29385
1323 29621
1324 29317
1325 29400
1326 29211
1327 29255
1328 29080
1329 28745
1330 28342
1331 28339
1332 28366
1333 28433
1334 28480
1335 28720
1336 28934
1337 29155
1338 29134
1339 29063
1340 29174
1341 28915
1342 28865
1343 28780
1344 28837
1345 28501
1346 28445
1347 28224
1348 27784
1349 26623
1350 25661
1351 26261
1352 27601
1353 28591
1354 28803
1355 29089
1356 29137
1357 29212
1358 29302
1359 29199
1360 29199
1361 29180
1362 28982
1363 29316
1364 29098
1365 29309
1366 29298
1367 29277
1368 29252
1369 29084
1370 29113
1371 28922
1372 28454
1373 27760
1374 26423
1375 25395
1376 26300
1377 27664
1378 28325
1379 28793
1380 29139
1381 29263
1382 29442
1383 29353
1384 29506
1385 29479
1386 29153
1387 29476
1388 29385
1389 29305
1390 29352
1391 29500
1392 29450
1393 29152
1394 29395
1395 29468
1396 29457
1397 29405
1398 29468
1399 29316
1400 29490
1401 29515
1402 29367
1403 29150
1404 29379
1405 29246
1406 29194
1407 28899
1408 29065
1409 29423
1410 29371
1411 29389
1412 29452
1413 29467
1414 29249
1415 29157
1416 28761
1417 28471
1418 28598
1419 28601
1420 28784
1421 28963
1422 29127
1423 29131
1424 29109
1425 29444
1426 29365
1427 29409
1428 29319
1429 29272
1430 29333
1431 29289
1432 29241
1433 29052
1434 29111
1435 29151
1436 29271
1437 29052
1438 29345
1439 29345
1440 29285
1441 29280
1442 29300
1443 29099
1444 29143
1445 29064
1446 28931
1447 28626
1448 28448
1449 28197
1450 28286
1451 28654
1452 28780
1453 29028
1454 29268
1455 29178
1456 29344
1457 29261
1458 29209
1459 29263
1460 29455
1461 29365
1462 29107
1463 29494
1464 29166
1465 28925
1466 28918
1467 28861
1468 28643
1469 28346
1470 28774
1471 28623
1472 29071
1473 28881
1474 29279
1475 29080
1476 28847
1477 29239
1478 29046
1479 28957
1480 28603
1481 28200
1482 27649
1483 26742
1484 25298
1485 24741
1486 25798
1487 27129
1488 27949
1489 28307
1490 28733
1491 28680
1492 28670
1493 28460
1494 28156
1495 27804
1496 27226
1497 27245
1498 27248
1499 27469
1500 27969
1501 28244
1502 28506
1503 28763
1504 28737
1505 28659
1506 28804
1507 28153
1508 27469
1509 26429
1510 26296
1511 27164
1512 28026
1513 28519
1514 28839
1515 28940
1516 28846
1517 29044
1518 28778
1519 28987
1520 28968
1521 28859
1522 28974
1523 28910
1524 28830
1525 28707
1526 28419
1527 28354
1528 28340
1529 28150
