0 30478
1 32765
2 32092
3 31576
4 31458
5 31245
6 31231
7 30879
8 30816
9 30033
10 28854
11 26987
12 23974
13 20432
14 17899
15 17758
16 20161
17 23751
18 26836
19 28881
20 30085
21 30883
22 31353
23 31324
24 31447
25 31395
26 31372
27 31310
28 30972
29 30659
30 30801
31 30869
32 30998
33 31249
34 30971
35 31403
36 31448
37 31440
38 31447
39 31377
40 31448
41 31333
42 31379
43 31039
44 30989
45 31292
46 31414
47 31321
48 31514
49 31256
50 31088
51 31155
52 31152
53 30830
54 31073
55 31028
56 31149
57 31217
58 31464
59 31376
60 31462
61 31391
62 31264
63 31228
64 30996
65 31287
66 31172
67 31171
68 31002
69 30887
70 31004
71 31049
72 31104
73 31106
74 31184
75 31183
76 30959
77 31200
78 31122
79 31111
80 31014
81 31192
82 31202
83 30964
84 31132
85 31156
86 31143
87 31195
88 30811
89 30972
90 30930
91 30845
92 30502
93 30418
94 29827
95 29408
96 29424
97 29644
98 29902
99 29737
100 29997
101 30051
102 29952
103 29929
104 30079
105 30274
106 30842
107 30917
108 31026
109 31188
110 31064
111 31377
112 31101
113 31288
114 31009
115 31107
116 30872
117 31109
118 31172
119 31264
120 31188
121 31232
122 30821
123 30874
124 30768
125 30634
126 30627
127 30569
128 30449
129 30560
130 30495
131 30359
132 30880
133 30531
134 30407
135 30323
136 30520
137 30670
138 30875
139 30820
140 30890
141 30935
142 31116
143 31086
144 30962
145 30894
146 30855
147 30982
148 30937
149 31340
150 31001
151 30909
152 30973
153 30946
154 30965
155 31072
156 31030
157 31042
158 31080
159 31064
160 31011
161 31004
162 31019
163 31042
164 31022
165 31071
166 31203
167 31070
168 31010
169 30726
170 30491
171 30016
172 29883
173 30188
174 30015
175 30127
176 29680
177 28673
178 26903
179 24322
180 21992
181 21377
182 22969
183 25405
184 28017
185 29377
186 30280
187 30767
188 30899
189 31063
190 31128
191 31090
192 31278
193 31101
194 31033
195 31325
196 31045
197 30974
198 31130
199 31107
200 30984
201 31217
202 30781
203 31023
204 30925
205 31214
206 30895
207 31077
208 30721
209 30743
210 30516
211 30356
212 29694
213 28617
214 27307
215 26775
216 27182
217 28271
218 29146
219 29872
220 30371
221 30361
222 30272
223 30656
224 30758
225 30834
226 30828
227 30811
228 30627
229 30429
230 30274
231 30270
232 30276
233 30439
234 30409
235 30507
236 30147
237 30390
238 30440
239 30672
240 30872
241 30941
242 30941
243 30907
244 30907
245 31125
246 30682
247 30951
248 30588
249 29996
250 29741
251 29377
252 29470
253 29524
254 29522
255 29732
256 30209
257 30177
258 29700
259 29724
260 29616
261 29798
262 30303
263 30581
264 30763
265 30883
266 31033
267 30912
268 30898
269 30758
270 30997
271 30667
272 30846
273 30769
274 30797
275 30660
276 30902
277 30764
278 30900
279 31116
280 30888
281 31042
282 30932
283 31025
284 30861
285 31007
286 31229
287 30968
288 31255
289 30966
290 31189
291 31064
292 31109
293 31348
294 31163
295 31209
296 30995
297 30966
298 31153
299 31025
300 30872
301 30762
302 30524
303 30594
304 30586
305 30690
306 30637
307 30622
308 30719
309 30829
310 30994
311 30856
312 30874
313 31059
314 30905
315 30966
316 30790
317 30978
318 30732
319 30820
320 30837
321 30565
322 30457
323 29973
324 29804
325 29091
326 29138
327 29296
328 30031
329 30133
330 30077
331 30254
332 30171
333 30325
334 30624
335 30460
336 30608
337 30612
338 30550
339 30544
340 30583
341 30727
342 30625
343 30523
344 30088
345 29839
346 29398
347 29341
348 30027
349 30355
350 30579
351 30790
352 30846
353 31066
354 30786
355 30874
356 30699
357 30840
358 30988
359 30642
360 30556
361 30765
362 30634
363 30573
364 30821
365 30907
366 30753
367 30575
368 30942
369 30706
370 30766
371 30476
372 30709
373 30807
374 30554
375 30503
376 30705
377 30646
378 30585
379 30545
380 30345
381 30324
382 30352
383 29719
384 29581
385 29511
386 29502
387 28847
388 27415
389 25585
390 24783
391 26173
392 27570
393 28666
394 28842
395 27731
396 25972
397 25577
398 27212
399 28337
400 28193
401 28307
402 29003
403 29755
404 29773
405 29682
406 29557
407 29347
408 29477
409 29364
410 28884
411 27154
412 24719
413 23457
414 24569
415 25421
416 24496
417 23796
418 23987
419 24741
420 25962
421 27107
422 26679
423 25237
424 25277
425 26900
426 28098
427 28493
428 27825
429 27779
430 28172
431 28569
432 28055
433 27091
434 25647
435 24022
436 22073
437 19997
438 18643
439 19074
440 21415
441 24279
442 26077
443 27309
444 27806
445 28336
446 27923
447 27633
448 27783
449 28602
450 29452
451 29901
452 29769
453 29919
454 30183
455 29930
456 30158
457 30381
458 30147
459 30012
460 29916
461 29349
462 28377
463 26204
464 24436
465 25431
466 27529
467 28505
468 28769
469 28207
470 26173
471 23529
472 23981
473 26255
474 27845
475 28381
476 27995
477 28031
478 27963
479 28007
480 28344
481 28724
482 29509
483 29443
484 29581
485 29721
486 29837
487 29570
488 29258
489 28621
490 27483
491 26023
492 25339
493 25186
494 25887
495 26444
496 25580
497 24040
498 24488
499 26801
500 28609
501 29340
502 29721
503 29776
504 29777
505 29829
506 29662
507 29729
508 29612
509 29452
510 29343
511 28723
512 27185
513 24235
514 23271
515 25002
516 26632
517 26772
518 25237
519 22375
520 19847
521 18993
522 20374
523 23132
524 25551
525 27261
526 27937
527 28691
528 29116
529 29543
530 29836
531 29623
532 29524
533 29329
534 29371
535 29257
536 29502
537 28897
538 27314
539 25250
540 25439
541 27304
542 28789
543 29509
544 30032
545 29768
546 29916
547 30023
548 30052
549 30185
550 30203
551 29792
552 29631
553 29052
554 28803
555 28882
556 29292
557 29712
558 29564
559 29543
560 29633
561 29364
562 29040
563 28014
564 25813
565 24585
566 25662
567 27759
568 28642
569 29152
570 29308
571 29593
572 29727
573 29812
574 29883
575 29451
576 29711
577 29431
578 29423
579 29290
580 28678
581 27922
582 26633
583 25972
584 26025
585 26273
586 26367
587 26451
588 25973
589 24631
590 23461
591 23730
592 24839
593 25788
594 26606
595 27996
596 28869
597 29081
598 29531
599 29817
600 29986
601 29987
602 29867
603 29961
604 29950
605 29906
606 29805
607 29892
608 29765
609 29819
610 29925
611 29912
612 29654
613 29680
614 29930
615 29870
616 29960
617 29792
618 29890
619 30011
620 29958
621 29736
622 29830
623 28930
624 27707
625 26712
626 27188
627 28288
628 29262
629 29482
630 29761
631 29834
632 29994
633 30049
634 29940
635 30073
636 30308
637 29931
638 29835
639 30038
640 30040
641 30072
642 30153
643 30205
644 29893
645 29917
646 29942
647 29509
648 28977
649 28290
650 28163
651 28925
652 29175
653 29470
654 29556
655 29595
656 29628
657 29679
658 29490
659 28912
660 29308
661 29195
662 29312
663 29577
664 29476
665 29655
666 29475
667 29333
668 28827
669 28330
670 28087
671 28378
672 28734
673 29448
674 29621
675 29894
676 29712
677 29986
678 29848
679 29829
680 29804
681 29747
682 29630
683 29456
684 29519
685 29194
686 29354
687 28846
688 28177
689 27184
690 26140
691 25416
692 25751
693 26921
694 28067
695 28590
696 28804
697 28878
698 29030
699 28488
700 27492
701 26844
702 26372
703 26909
704 27773
705 28687
706 29079
707 29442
708 29587
709 30015
710 29945
711 29952
712 29936
713 29863
714 29861
715 30072
716 29718
717 29931
718 30045
719 29998
720 29752
721 29793
722 29760
723 29757
724 29854
725 29887
726 29838
727 29862
728 29785
729 30012
730 29846
731 29957
732 29958
733 29826
734 29710
735 29304
736 29509
737 29199
738 28959
739 29121
740 29145
741 29427
742 29541
743 29537
744 29726
745 29553
746 29560
747 29689
748 29345
749 29475
750 29359
751 29360
752 29054
753 28652
754 27596
755 26858
756 27366
757 28319
758 28926
759 29056
760 29129
761 28909
762 28803
763 28774
764 29635
765 29501
766 29770
767 29756
768 29684
769 29582
770 29494
771 29311
772 29052
773 29093
774 28868
775 28883
776 29268
777 29330
778 29530
779 29753
780 29746
781 29884
782 29498
783 29578
784 29852
785 29677
786 29749
787 29587
788 29674
789 29635
790 29597
791 29637
792 29593
793 29595
794 29455
795 29417
796 29308
797 29171
798 29146
799 28864
800 28130
801 27738
802 27884
803 28421
804 28672
805 28763
806 28778
807 28351
808 27177
809 26021
810 26176
811 27642
812 28541
813 28989
814 29165
815 29266
816 29390
817 29394
818 29707
819 29364
820 29386
821 29388
822 29562
823 29400
824 29270
825 29477
826 29411
827 29275
828 29225
829 29219
830 29272
831 29223
832 29040
833 28793
834 28106
835 26493
836 24627
837 25216
838 26984
839 28301
840 28582
841 29216
842 29046
843 29180
844 28938
845 28770
846 28594
847 28298
848 28614
849 28650
850 28782
851 28551
852 28430
853 28518
854 27915
855 27250
856 26234
857 24952
858 23373
859 21541
860 20089
861 19786
862 21267
863 23015
864 24807
865 26338
866 27340
867 28345
868 28632
869 29032
870 29304
871 29350
872 29383
873 29375
874 29473
875 29422
876 29498
877 29340
878 29402
879 29470
880 29641
881 29543
882 29498
883 29476
884 29268
885 29374
886 29375
887 29314
888 29370
889 29264
890 29350
891 29166
892 29072
893 29192
894 29122
895 29001
896 28887
897 28809
898 27879
899 25837
900 24609
901 25625
902 27218
903 28480
904 28641
905 29013
906 29131
907 29239
908 29022
909 28933
910 28977
911 28917
912 28240
913 27353
914 26203
915 25516
916 26219
917 27089
918 27820
919 27884
920 27421
921 27214
922 26762
923 27061
924 26686
925 25380
926 23514
927 24018
928 26377
929 27945
930 28488
931 28895
932 29294
933 29259
934 29101
935 29466
936 29487
937 29443
938 29343
939 29420
940 29414
941 29390
942 29383
943 29479
944 29440
945 29316
946 29233
947 29281
948 29277
949 29248
950 29239
951 29210
952 29137
953 28945
954 28702
955 28427
956 28009
957 27517
958 27297
959 27622
960 28144
961 28769
962 29080
963 29325
964 29473
965 29588
966 29409
967 29499
968 29446
969 29425
970 29364
971 29624
972 29398
973 29354
974 29487
975 29209
976 29329
977 29035
978 29185
979 28821
980 28471
981 27697
982 27188
983 27544
984 28232
985 28633
986 29051
987 29352
988 29165
989 29399
990 29208
991 29527
992 29349
993 29195
994 29120
995 28962
996 28630
997 27946
998 26277
999 24319
1000 24322
1001 26636
1002 27804
1003 28741
1004 28942
1005 29364
1006 29497
1007 29479
1008 29712
1009 29570
1010 29469
1011 29604
1012 29510
1013 29881
1014 29611
1015 29417
1016 29410
1017 29538
1018 29356
1019 29316
1020 29054
1021 28810
1022 28334
1023 27438
1024 25235
1025 23166
1026 24429
1027 26480
1028 27801
1029 28352
1030 28697
1031 28808
1032 29103
1033 28938
1034 29219
1035 29080
1036 29225
1037 28842
1038 29014
1039 28548
1040 28299
1041 27823
1042 27804
1043 27964
1044 28321
1045 28623
1046 28722
1047 28950
1048 29008
1049 29242
1050 29231
1051 29200
1052 29089
1053 29250
1054 29143
1055 29264
1056 29281
1057 29166
1058 29087
1059 28961
1060 29200
1061 28773
1062 29022
1063 28777
1064 28595
1065 28371
1066 27646
1067 26496
1068 25778
1069 26329
1070 27260
1071 27961
1072 28384
1073 28618
1074 28700
1075 28614
1076 28951
1077 28780
1078 28692
1079 28333
1080 27761
1081 26805
1082 25005
1083 22334
1084 19289
1085 17617
1086 18187
1087 20572
1088 23458
1089 25847
1090 27332
1091 28048
1092 28430
1093 28817
1094 28809
1095 28711
1096 28653
1097 28577
1098 28669
1099 28749
1100 29024
1101 28712
1102 28827
1103 28493
1104 28174
1105 27284
1106 25572
1107 23866
1108 24398
1109 26121
1110 27792
1111 28323
1112 28769
1113 28972
1114 29059
1115 29126
1116 29053
1117 28832
1118 28805
1119 28999
1120 28649
1121 28715
1122 28832
1123 28589
1124 28744
1125 28790
1126 28697
1127 28263
1128 28123
1129 27711
1130 27477
1131 25719
1132 23288
1133 22398
1134 23958
1135 25660
1136 27095
1137 27538
1138 27461
1139 27438
1140 26870
1141 26359
1142 25785
1143 25150
1144 24339
1145 24755
1146 25330
1147 26023
1148 26754
1149 27487
1150 28019
1151 28585
1152 28584
1153 28689
1154 28609
1155 28964
1156 28879
1157 28845
1158 29059
1159 28855
1160 29048
1161 28890
1162 29054
1163 28867
1164 28799
1165 28609
1166 28447
1167 28346
1168 28111
1169 28115
1170 28369
1171 28629
1172 28905
1173 28861
1174 28640
1175 28665
1176 28797
1177 28725
1178 28120
1179 28011
1180 27827
1181 27713
1182 27977
1183 28422
1184 28492
1185 28648
1186 28738
1187 28621
1188 28724
1189 28679
1190 28635
1191 28688
1192 28568
1193 28629
1194 28524
1195 28320
1196 28122
1197 27938
1198 27742
1199 27394
1200 26848
1201 26377
1202 25512
1203 23673
1204 21690
1205 19065
1206 16230
1207 14510
1208 14529
1209 16226
1210 18885
1211 21733
1212 23945
1213 25702
1214 26677
1215 27177
1216 27603
1217 27877
1218 27653
1219 27707
1220 27798
1221 27584
1222 26772
1223 25309
1224 23942
1225 24593
1226 26674
1227 27146
1228 28019
1229 27963
1230 28125
1231 28125
1232 28206
1233 27796
1234 27322
1235 26708
1236 25539
1237 23393
1238 20926
1239 18226
1240 16829
1241 17295
1242 19535
1243 22367
1244 24432
1245 25609
1246 26575
1247 26367
1248 24902
1249 23616
1250 24113
1251 25941
1252 27505
1253 27881
1254 28506
1255 28402
1256 28714
1257 28728
1258 28793
1259 28653
1260 28601
1261 28546
1262 28672
1263 28697
1264 28842
1265 28799
1266 28777
1267 28759
1268 28542
1269 28347
1270 28283
1271 27986
1272 27784
1273 28189
1274 28140
1275 28296
1276 28881
1277 28672
1278 28337
1279 28345
1280 27809
1281 27569
1282 27516
1283 27738
1284 28199
1285 28243
1286 28497
1287 28585
1288 28811
1289 28449
1290 28769
1291 28679
1292 28628
1293 28561
1294 28531
1295 28401
1296 28461
1297 28340
1298 28288
1299 28137
1300 27934
1301 27850
1302 28078
1303 28281
1304 28159
1305 28328
1306 28293
1307 28489
1308 28596
1309 28668
1310 28950
1311 28812
1312 29008
1313 28906
1314 28621
1315 28600
1316 28623
1317 28701
1318 28892
1319 28880
1320 28963
1321 28751
1322 28861
1323 28712
1324 28496
1325 28624
1326 28480
1327 28722
1328 28516
1329 28196
1330 27845
1331 27755
1332 27719
1333 27874
1334 27988
1335 28166
1336 28407
1337 28533
1338 28515
1339 28544
1340 28442
1341 28422
1342 28318
1343 28274
1344 28096
1345 27994
1346 27903
1347 27763
1348 27003
1349 25566
1350 24868
1351 26011
1352 27394
1353 28063
1354 28425
1355 28561
1356 28678
1357 28570
1358 28609
1359 28875
1360 28498
1361 28639
1362 28429
1363 28557
1364 28545
1365 28677
1366 28727
1367 28566
1368 28492
1369 28561
1370 28417
1371 28517
1372 27958
1373 27017
1374 25296
1375 24648
1376 25911
1377 27420
1378 28017
1379 28154
1380 28449
1381 28618
1382 28694
1383 28688
1384 28793
1385 28845
1386 28788
1387 28766
1388 28657
1389 28873
1390 28608
1391 28777
1392 28727
1393 28690
1394 28771
1395 28931
1396 29041
1397 28710
1398 28672
1399 28919
1400 28820
1401 28872
1402 28743
1403 28867
1404 28606
1405 28543
1406 28285
1407 28336
1408 28561
1409 28582
1410 28641
1411 28550
1412 28808
1413 28731
1414 28551
1415 28577
1416 28201
1417 27975
1418 27842
1419 28205
1420 28251
1421 28272
1422 28738
1423 28664
1424 28750
1425 28799
1426 28810
1427 28670
1428 28841
1429 28720
1430 28709
1431 28774
1432 28630
1433 28668
1434 28611
1435 28590
1436 28538
1437 28754
1438 28820
1439 28700
1440 28729
1441 28716
1442 28869
1443 28915
1444 28821
1445 28611
1446 28095
1447 28174
1448 27833
1449 27964
1450 28013
1451 28092
1452 28512
1453 28711
1454 28526
1455 28865
1456 28812
1457 28878
1458 28928
1459 28982
1460 28981
1461 28765
1462 28769
1463 28711
1464 28849
1465 28728
1466 28177
1467 28121
1468 27770
1469 27848
1470 27891
1471 28485
1472 28428
1473 28727
1474 28599
1475 28808
1476 28477
1477 28468
1478 28481
1479 28227
1480 28042
1481 27544
1482 27050
1483 25745
1484 24198
1485 24125
1486 25609
1487 26865
1488 27738
1489 28153
1490 28332
1491 28391
1492 28144
1493 27946
1494 27480
1495 27237
1496 26599
1497 26433
1498 26785
1499 27100
1500 27650
1501 27748
1502 28226
1503 28461
1504 28196
1505 28130
1506 27887
1507 27562
1508 26485
1509 25550
1510 25861
1511 26877
1512 27808
1513 28043
1514 28325
1515 28380
1516 28426
1517 28286
1518 28202
1519 28387
1520 28344
1521 28407
1522 28102
1523 28174
1524 28176
1525 28321
1526 27936
1527 28048
1528 27827
1529 27682
