0 31428
1 32201
2 32118
3 32033
4 31987
5 32012
6 32000
7 31988
8 32054
9 32064
10 32126
11 32069
12 32099
13 32088
14 32064
15 32067
16 32079
17 32080
18 32095
19 32131
20 31880
21 32066
22 31977
23 31917
24 31533
25 31061
26 30654
27 30080
28 29309
29 27953
30 26236
31 24159
32 22183
33 20908
34 21258
35 23110
36 25775
37 28437
38 30435
39 31531
40 32121
41 32230
42 32272
43 32282
44 32099
45 32293
46 32296
47 32003
48 32115
49 32045
50 32004
51 32174
52 32167
53 32238
54 32361
55 32315
56 32226
57 32354
58 32426
59 32377
60 32244
61 32205
62 32277
63 32176
64 32259
65 32128
66 32349
67 32092
68 32086
69 32216
70 32045
71 32110
72 32009
73 32033
74 32167
75 32165
76 32288
77 32164
78 32214
79 32077
80 32140
81 31973
82 32113
83 31977
84 31940
85 31877
86 31920
87 31757
88 31699
89 31796
90 31797
91 31844
92 31926
93 31924
94 31905
95 31934
96 31886
97 31890
98 31826
99 31950
100 31923
101 31912
102 31776
103 31746
104 31865
105 31698
106 31736
107 31599
108 31544
109 31386
110 31160
111 31111
112 30581
113 30014
114 29688
115 30006
116 30646
117 31045
118 31041
119 31127
120 31055
121 30953
122 31020
123 31233
124 31333
125 31574
126 31696
127 31803
128 31890
129 31834
130 32019
131 31858
132 31823
133 31936
134 31915
135 31852
136 31852
137 31758
138 31884
139 31900
140 31845
141 31779
142 31700
143 31476
144 31541
145 31421
146 30720
147 31221
148 31275
149 31416
150 31484
151 31553
152 31486
153 31703
154 31700
155 31697
156 31846
157 31787
158 31894
159 31859
160 31905
161 31897
162 31892
163 31838
164 31848
165 31956
166 31957
167 31879
168 31933
169 31973
170 31948
171 32067
172 31959
173 31936
174 31903
175 31921
176 31958
177 31943
178 32041
179 31990
180 31975
181 32044
182 31944
183 31939
184 31922
185 32010
186 31908
187 31911
188 31818
189 31694
190 31625
191 31589
192 31527
193 31342
194 30853
195 29979
196 28843
197 27394
198 25520
199 24417
200 24314
201 26006
202 28316
203 30236
204 31593
205 31840
206 31972
207 32046
208 32059
209 32102
210 32079
211 32124
212 32098
213 32127
214 32091
215 32135
216 32120
217 32108
218 32121
219 32171
220 32122
221 32107
222 32111
223 32155
224 32162
225 31432
226 31440
227 32127
228 31953
229 31935
230 31661
231 31050
232 30302
233 29758
234 29635
235 30108
236 30914
237 31817
238 32125
239 32167
240 32155
241 32213
242 32171
243 32179
244 32220
245 32232
246 32220
247 32249
248 32216
249 32244
250 31931
251 31910
252 32041
253 32019
254 31679
255 31691
256 31706
257 31900
258 32245
259 32309
260 32307
261 32340
262 32303
263 32340
264 32148
265 32110
266 31704
267 31114
268 30471
269 29614
270 29619
271 29692
272 29822
273 30208
274 30652
275 31048
276 31216
277 30877
278 31261
279 31315
280 31632
281 31834
282 32091
283 32238
284 32435
285 32485
286 32384
287 32496
288 32266
289 32228
290 32485
291 32283
292 32273
293 32373
294 32319
295 32334
296 32277
297 32435
298 32260
299 32380
300 32307
301 32444
302 32502
303 32417
304 32523
305 32400
306 32397
307 32395
308 32428
309 32265
310 32189
311 32333
312 32249
313 31976
314 32266
315 32328
316 32213
317 32103
318 32137
319 32238
320 31939
321 31975
322 32036
323 31893
324 32155
325 32147
326 32087
327 32133
328 32199
329 32186
330 32144
331 32174
332 32155
333 32268
334 32215
335 32111
336 32131
337 32156
338 32073
339 31951
340 31883
341 31802
342 31613
343 31389
344 31290
345 31298
346 31487
347 31527
348 31529
349 31432
350 31712
351 31803
352 31838
353 31911
354 32018
355 31963
356 31849
357 31918
358 31817
359 31781
360 31772
361 31550
362 31306
363 30954
364 30323
365 30476
366 31194
367 31612
368 31901
369 31882
370 31958
371 32060
372 31960
373 32093
374 32065
375 32110
376 32025
377 31924
378 31864
379 31965
380 32007
381 31908
382 31981
383 31731
384 31941
385 32078
386 32036
387 32029
388 31993
389 31969
390 31925
391 31952
392 32014
393 31962
394 31901
395 31911
396 31944
397 31818
398 31795
399 31699
400 31504
401 31214
402 30431
403 29884
404 29069
405 28238
406 27198
407 25908
408 24731
409 25456
410 27228
411 28346
412 28664
413 28015
414 26539
415 25777
416 26902
417 28510
418 29090
419 29474
420 30203
421 30984
422 31169
423 31394
424 30892
425 30474
426 29762
427 28890
428 27728
429 26100
430 23964
431 22093
432 21825
433 22375
434 22057
435 21560
436 21483
437 22181
438 23628
439 24883
440 25571
441 25200
442 25181
443 26030
444 27479
445 28203
446 27730
447 27363
448 27240
449 26661
450 25645
451 23749
452 21284
453 19279
454 17749
455 16792
456 16607
457 18180
458 20876
459 24027
460 26904
461 28238
462 28581
463 28874
464 28689
465 28816
466 29256
467 30328
468 31177
469 31807
470 32225
471 32345
472 32359
473 32178
474 32202
475 31995
476 31662
477 31141
478 30293
479 29189
480 27978
481 26343
482 25043
483 25558
484 27266
485 28544
486 28259
487 27537
488 26169
489 24589
490 24640
491 26689
492 28646
493 29881
494 29952
495 30046
496 30200
497 30616
498 30662
499 30947
500 31428
501 31615
502 31818
503 31572
504 31617
505 31333
506 30977
507 30358
508 29416
509 28256
510 27336
511 26664
512 26624
513 26464
514 26087
515 25361
516 26030
517 28194
518 30409
519 31698
520 31983
521 32063
522 32199
523 32086
524 31898
525 31641
526 31212
527 30372
528 29215
529 28159
530 26567
531 24674
532 23999
533 25277
534 26872
535 27396
536 26669
537 25043
538 23472
539 22885
540 23816
541 25819
542 28129
543 29731
544 30650
545 31276
546 31479
547 31456
548 31472
549 31267
550 30957
551 30760
552 30456
553 30269
554 29943
555 29093
556 27788
557 26686
558 26846
559 28725
560 30710
561 31667
562 31769
563 31935
564 31981
565 32016
566 31947
567 31762
568 31665
569 31600
570 31308
571 30741
572 30808
573 30718
574 31246
575 31538
576 31503
577 31360
578 31102
579 30176
580 29389
581 28283
582 26876
583 26306
584 27728
585 29684
586 31345
587 31786
588 31781
589 31771
590 31755
591 31839
592 31854
593 31701
594 31644
595 31305
596 30740
597 29661
598 28747
599 27560
600 26270
601 25682
602 25974
603 26776
604 26858
605 26905
606 26014
607 25375
608 24660
609 25419
610 26970
611 28780
612 29915
613 31213
614 31622
615 31740
616 31863
617 31946
618 32051
619 32084
620 32091
621 32091
622 32091
623 32063
624 32040
625 32040
626 32052
627 32037
628 32014
629 31987
630 31967
631 32097
632 32066
633 32043
634 32040
635 32101
636 31997
637 31977
638 31853
639 31615
640 31028
641 30314
642 29330
643 28610
644 29151
645 30783
646 31795
647 32042
648 32088
649 32171
650 32231
651 32218
652 32260
653 32233
654 32247
655 32235
656 32304
657 32292
658 32258
659 32209
660 32247
661 32111
662 32176
663 31974
664 31961
665 31640
666 31246
667 30837
668 30785
669 31737
670 32071
671 32165
672 32318
673 32254
674 32175
675 32244
676 32177
677 32062
678 32041
679 32041
680 32066
681 32160
682 32187
683 32197
684 32122
685 32028
686 31700
687 31549
688 31579
689 31784
690 31999
691 32331
692 32468
693 32406
694 32468
695 32381
696 32435
697 32376
698 32275
699 31952
700 31923
701 31467
702 31112
703 30656
704 29780
705 28585
706 27161
707 26195
708 25301
709 25351
710 26452
711 28354
712 29989
713 30989
714 31456
715 31345
716 31017
717 30519
718 30448
719 29989
720 30055
721 30339
722 30989
723 31710
724 32376
725 32626
726 32630
727 32654
728 32636
729 32653
730 32646
731 32648
732 32652
733 32655
734 32662
735 32602
736 32665
737 32668
738 32597
739 32664
740 32565
741 32685
742 32432
743 32493
744 32653
745 32505
746 32562
747 32556
748 32649
749 32386
750 32390
751 32349
752 32171
753 32171
754 31963
755 31506
756 29755
757 32148
758 32217
759 32243
760 32182
761 32317
762 32400
763 32246
764 32283
765 32257
766 32148
767 32089
768 31821
769 31101
770 30533
771 29712
772 28918
773 28788
774 29670
775 30606
776 31159
777 31397
778 31188
779 31088
780 31195
781 31681
782 32000
783 32086
784 32259
785 32138
786 32314
787 32240
788 32138
789 32073
790 32111
791 32001
792 32005
793 32117
794 32280
795 32228
796 32318
797 32335
798 32334
799 32296
800 32388
801 32355
802 32353
803 32300
804 32306
805 32270
806 32319
807 32164
808 32165
809 32113
810 32078
811 32081
812 31989
813 31833
814 31699
815 31097
816 30647
817 29833
818 29631
819 29375
820 29959
821 30617
822 30879
823 30535
824 30001
825 29249
826 28458
827 28295
828 29366
829 30889
830 31788
831 31952
832 32163
833 32098
834 32137
835 32159
836 32131
837 32187
838 32130
839 32127
840 32102
841 32028
842 31988
843 32061
844 32046
845 32068
846 31993
847 31876
848 31811
849 31350
850 30652
851 29535
852 28461
853 27153
854 27044
855 28151
856 30123
857 31574
858 31911
859 31908
860 31969
861 31944
862 31900
863 31911
864 31818
865 31804
866 31762
867 31746
868 31762
869 31459
870 30943
871 30269
872 29309
873 27790
874 26526
875 25583
876 24599
877 24123
878 23782
879 24366
880 26080
881 27934
882 29616
883 30753
884 31734
885 32008
886 32154
887 32258
888 32220
889 32240
890 32299
891 32342
892 32401
893 32288
894 32444
895 32300
896 32361
897 32329
898 32369
899 32400
900 32360
901 32339
902 32341
903 32331
904 32295
905 32232
906 32259
907 32338
908 32182
909 32192
910 32165
911 32038
912 31578
913 30852
914 30202
915 29222
916 27921
917 27001
918 26910
919 28586
920 30586
921 31652
922 31968
923 32265
924 32036
925 32009
926 31518
927 31080
928 30236
929 29150
930 28064
931 27147
932 26276
933 26654
934 27802
935 29077
936 29644
937 29926
938 29384
939 28993
940 28039
941 27553
942 26609
943 25781
944 25873
945 27671
946 29921
947 31403
948 32451
949 32606
950 32687
951 32532
952 32726
953 32680
954 32706
955 32738
956 32704
957 32740
958 32732
959 32732
960 32747
961 32751
962 32744
963 32734
964 32766
965 32672
966 32718
967 32679
968 32643
969 32693
970 32505
971 32160
972 32036
973 31429
974 31199
975 31165
976 31157
977 31459
978 31983
979 32426
980 32644
981 32464
982 32594
983 32658
984 32706
985 32589
986 32454
987 32608
988 32471
989 32621
990 32602
991 32415
992 32237
993 32099
994 31592
995 31048
996 30520
997 29802
998 29146
999 28663
1000 28724
1001 29785
1002 30667
1003 31579
1004 32184
1005 32208
1006 32239
1007 32344
1008 32348
1009 32069
1010 31974
1011 31628
1012 30856
1013 29573
1014 28785
1015 27463
1016 26437
1017 26535
1018 28025
1019 29933
1020 31323
1021 32153
1022 32235
1023 32295
1024 32372
1025 32370
1026 32317
1027 32375
1028 32254
1029 32285
1030 32258
1031 32225
1032 32256
1033 32117
1034 32071
1035 31991
1036 31657
1037 31271
1038 30474
1039 29254
1040 27987
1041 26515
1042 25479
1043 25947
1044 28153
1045 30050
1046 31370
1047 31915
1048 31951
1049 31998
1050 31964
1051 32154
1052 32047
1053 32042
1054 31995
1055 31922
1056 31885
1057 31626
1058 31519
1059 31464
1060 31456
1061 31759
1062 31773
1063 31886
1064 32067
1065 32056
1066 32078
1067 32070
1068 32060
1069 32260
1070 32071
1071 32077
1072 32215
1073 32013
1074 31990
1075 32028
1076 31893
1077 31849
1078 31795
1079 31303
1080 30821
1081 30176
1082 29213
1083 28168
1084 27455
1085 26829
1086 27369
1087 28827
1088 30333
1089 31280
1090 31538
1091 31791
1092 31879
1093 31869
1094 31769
1095 31456
1096 30960
1097 29933
1098 28730
1099 27141
1100 25230
1101 23234
1102 22423
1103 22554
1104 24242
1105 26531
1106 28837
1107 30827
1108 31395
1109 31880
1110 31938
1111 31944
1112 31955
1113 31938
1114 31958
1115 31902
1116 31872
1117 31847
1118 31458
1119 30755
1120 30206
1121 29220
1122 28030
1123 26809
1124 26141
1125 26574
1126 28295
1127 30179
1128 31407
1129 32029
1130 32140
1131 32113
1132 32116
1133 32192
1134 32134
1135 32185
1136 32067
1137 32154
1138 32065
1139 32108
1140 32032
1141 31979
1142 31869
1143 31463
1144 31082
1145 30103
1146 28978
1147 27877
1148 26195
1149 24793
1150 24441
1151 25648
1152 27808
1153 29302
1154 30555
1155 30804
1156 30545
1157 30002
1158 29803
1159 29046
1160 28748
1161 28569
1162 28566
1163 29198
1164 30080
1165 30861
1166 31447
1167 31947
1168 32321
1169 32393
1170 32363
1171 32436
1172 32466
1173 32452
1174 32543
1175 32682
1176 32577
1177 32595
1178 32610
1179 32555
1180 32521
1181 32599
1182 32554
1183 32492
1184 32308
1185 32214
1186 32103
1187 32235
1188 32440
1189 32667
1190 32557
1191 32605
1192 32630
1193 32545
1194 32384
1195 32370
1196 32376
1197 32144
1198 32212
1199 32169
1200 32227
1201 32519
1202 32526
1203 32713
1204 32612
1205 32630
1206 32764
1207 32506
1208 32321
1209 32490
1210 32374
1211 32363
1212 31972
1213 31795
1214 31505
1215 31055
1216 30550
1217 29839
1218 28589
1219 27292
1220 25563
1221 23408
1222 21320
1223 19551
1224 18572
1225 18901
1226 20666
1227 22501
1228 25769
1229 28016
1230 29670
1231 30392
1232 31039
1233 31259
1234 31273
1235 31024
1236 30683
1237 29839
1238 29135
1239 28047
1240 26981
1241 26534
1242 27452
1243 29366
1244 30833
1245 31471
1246 31844
1247 31868
1248 31749
1249 31304
1250 30942
1251 30037
1252 28700
1253 27359
1254 25465
1255 23586
1256 21964
1257 21173
1258 22063
1259 23605
1260 25631
1261 27394
1262 28270
1263 28121
1264 27601
1265 26697
1266 26164
1267 27022
1268 28856
1269 30724
1270 31863
1271 32192
1272 32111
1273 32148
1274 32187
1275 32321
1276 32171
1277 32242
1278 32271
1279 32255
1280 32212
1281 32270
1282 32118
1283 32173
1284 32091
1285 32219
1286 32089
1287 32075
1288 31989
1289 32017
1290 32047
1291 32037
1292 32021
1293 32022
1294 32036
1295 32030
1296 31978
1297 31874
1298 31819
1299 31792
1300 31846
1301 31966
1302 32042
1303 32106
1304 32175
1305 32199
1306 32187
1307 32168
1308 32129
1309 32116
1310 31999
1311 32076
1312 32004
1313 32057
1314 31968
1315 31905
1316 31867
1317 31830
1318 31841
1319 31860
1320 31872
1321 31901
1322 31959
1323 31964
1324 32026
1325 32018
1326 32002
1327 32092
1328 32045
1329 32079
1330 32066
1331 32054
1332 32080
1333 32016
1334 32024
1335 32038
1336 32082
1337 32016
1338 32031
1339 32018
1340 32043
1341 31993
1342 31832
1343 31757
1344 31693
1345 31551
1346 31034
1347 31130
1348 30726
1349 31046
1350 31432
1351 31734
1352 31793
1353 31909
1354 32022
1355 31943
1356 31868
1357 31959
1358 31869
1359 31757
1360 31507
1361 31222
1362 30628
1363 29936
1364 29228
1365 28245
1366 27628
1367 27820
1368 29133
1369 30636
1370 31757
1371 32039
1372 32012
1373 32095
1374 32024
1375 32114
1376 32043
1377 32148
1378 32064
1379 32105
1380 32054
1381 31969
1382 32089
1383 32049
1384 32074
1385 31846
1386 31648
1387 31011
1388 30307
1389 29438
1390 28265
1391 27359
1392 27723
1393 29261
1394 30766
1395 31870
1396 32146
1397 32261
1398 32278
1399 32213
1400 32314
1401 32319
1402 32340
1403 32319
1404 32340
1405 32340
1406 32385
1407 32379
1408 32367
1409 32394
1410 32485
1411 32409
1412 32585
1413 32458
1414 32558
1415 32571
1416 32538
1417 32506
1418 32492
1419 32423
1420 32437
1421 32398
1422 32344
1423 32557
1424 32475
1425 32359
1426 32410
1427 32409
1428 32546
1429 32586
1430 32400
1431 32473
1432 32319
1433 32380
1434 32269
1435 32417
1436 32118
1437 32484
1438 32579
1439 32662
1440 32759
1441 32673
1442 32613
1443 32752
1444 32719
1445 32682
1446 32513
1447 32621
1448 32496
1449 32463
1450 32433
1451 32609
1452 32600
1453 32714
1454 32711
1455 32713
1456 32703
1457 32711
1458 32686
1459 32664
1460 32559
1461 32407
1462 32258
1463 32216
1464 32057
1465 31855
1466 31926
1467 32113
1468 32222
1469 32495
1470 32425
1471 32522
1472 32534
1473 32550
1474 32532
1475 32492
1476 32444
1477 32577
1478 32363
1479 32397
1480 32149
1481 31977
1482 31511
1483 31081
1484 30904
1485 30797
1486 30918
1487 31407
1488 31800
1489 32108
1490 32166
1491 32204
1492 32187
1493 32112
1494 32007
1495 31720
1496 31282
1497 30569
1498 29554
1499 28699
1500 27457
1501 27161
1502 27894
1503 29315
1504 30772
1505 31697
1506 31908
1507 31941
1508 31696
1509 31658
1510 31259
1511 30894
1512 30379
1513 30541
1514 30348
1515 30432
1516 30762
1517 31185
1518 31424
1519 31252
1520 31338
1521 31157
1522 30685
1523 29852
1524 29059
1525 28460
1526 28573
1527 29566
1528 30896
1529 31802
