0 30358
1 32766
2 32527
3 31935
4 31851
5 31598
6 31388
7 31234
8 30966
9 30875
10 31052
11 31150
12 31481
13 31870
14 31889
15 31778
16 31699
17 31519
18 31429
19 31144
20 30831
21 30807
22 31206
23 31111
24 31154
25 31090
26 30985
27 30825
28 30422
29 29971
30 29215
31 28863
32 28304
33 27288
34 25843
35 23859
36 21857
37 20326
38 20076
39 21319
40 24114
41 26902
42 28973
43 30395
44 31118
45 31455
46 31737
47 31804
48 31715
49 31697
50 31709
51 31547
52 31278
53 31320
54 31376
55 31402
56 31564
57 31650
58 31759
59 32131
60 31859
61 32214
62 32060
63 31936
64 32113
65 31850
66 32129
67 32044
68 32209
69 32017
70 31949
71 32134
72 32047
73 31933
74 32087
75 31885
76 31861
77 31917
78 32019
79 31907
80 32084
81 32169
82 32167
83 32142
84 32041
85 31878
86 31865
87 31869
88 31767
89 31660
90 31405
91 31245
92 31144
93 31065
94 31439
95 31456
96 31901
97 32168
98 32002
99 31972
100 31932
101 32091
102 31795
103 31965
104 32113
105 31956
106 32046
107 32059
108 31809
109 31719
110 31603
111 31243
112 30878
113 30733
114 30103
115 29464
116 28698
117 27939
118 27210
119 27521
120 28336
121 29303
122 29837
123 29746
124 29690
125 29345
126 29244
127 29522
128 30366
129 30793
130 31504
131 31728
132 32119
133 32290
134 32140
135 32302
136 32387
137 32369
138 32311
139 32306
140 32287
141 32454
142 32389
143 32367
144 32172
145 31924
146 31665
147 31357
148 31027
149 30605
150 30216
151 29846
152 29976
153 30338
154 30669
155 30960
156 31487
157 31636
158 31734
159 31701
160 31970
161 31883
162 31996
163 32080
164 32135
165 32290
166 32244
167 32384
168 32503
169 32552
170 32482
171 32354
172 32500
173 32510
174 32277
175 32517
176 32316
177 32178
178 32280
179 32394
180 32529
181 32536
182 32588
183 32523
184 32399
185 32526
186 32493
187 32446
188 32471
189 32478
190 32359
191 32018
192 31952
193 31669
194 31450
195 30936
196 30934
197 30489
198 30040
199 29363
200 28340
201 26680
202 24854
203 23417
204 22824
205 23804
206 26115
207 28543
208 29897
209 31036
210 31325
211 31764
212 32291
213 32252
214 32419
215 32256
216 32434
217 32513
218 32500
219 32307
220 32599
221 32294
222 32346
223 32271
224 32514
225 32200
226 32090
227 32039
228 32284
229 31999
230 31936
231 31820
232 31357
233 31065
234 30681
235 30459
236 29659
237 29178
238 28631
239 28807
240 29770
241 30602
242 31228
243 31443
244 31480
245 31718
246 31888
247 31816
248 31697
249 31726
250 31605
251 31568
252 31210
253 31094
254 30827
255 30747
256 30571
257 30101
258 30027
259 29490
260 29595
261 30128
262 30748
263 31098
264 31182
265 31414
266 31190
267 31113
268 30571
269 30235
270 29587
271 28994
272 28011
273 26759
274 26386
275 26479
276 26894
277 27123
278 27834
279 28582
280 28950
281 29274
282 28916
283 29258
284 29475
285 30102
286 30749
287 31034
288 31436
289 31923
290 32017
291 31906
292 31874
293 31994
294 31774
295 31784
296 31744
297 31673
298 31860
299 31940
300 31876
301 31884
302 31843
303 31836
304 32077
305 32097
306 32251
307 32148
308 32116
309 32240
310 32104
311 32172
312 32114
313 32113
314 32161
315 32240
316 32045
317 32323
318 32132
319 31996
320 32017
321 32029
322 31893
323 31948
324 31670
325 31657
326 31701
327 31840
328 31801
329 31758
330 31740
331 31974
332 31992
333 32077
334 32058
335 31944
336 32211
337 32120
338 32068
339 31932
340 31962
341 31878
342 31602
343 31436
344 31180
345 30878
346 30437
347 30197
348 29937
349 29882
350 29961
351 29911
352 30098
353 29877
354 30278
355 30819
356 31332
357 31708
358 31728
359 31811
360 31577
361 31560
362 31483
363 31155
364 30678
365 30048
366 29289
367 28596
368 27815
369 27552
370 28348
371 29900
372 31023
373 31230
374 31669
375 31805
376 31876
377 31764
378 31837
379 31656
380 31829
381 31905
382 31908
383 31717
384 31832
385 31746
386 31643
387 31834
388 32035
389 32074
390 31983
391 31914
392 31750
393 31832
394 31929
395 32014
396 31767
397 31723
398 31714
399 31567
400 31470
401 31140
402 30750
403 30496
404 30029
405 29127
406 28176
407 27411
408 26512
409 25858
410 24538
411 22719
412 21142
413 21539
414 23548
415 25381
416 26111
417 25652
418 23997
419 22556
420 23344
421 25488
422 26766
423 26977
424 27686
425 28595
426 29780
427 29853
428 29405
429 28951
430 28185
431 27183
432 25610
433 23913
434 21296
435 18631
436 17911
437 18345
438 18113
439 17256
440 16918
441 17539
442 19026
443 20704
444 22175
445 21919
446 21477
447 22724
448 24207
449 25302
450 25125
451 24360
452 24096
453 23491
454 22146
455 20205
456 17351
457 14822
458 12892
459 12183
460 12392
461 13632
462 16432
463 20158
464 23389
465 25352
466 26158
467 26147
468 26228
469 25903
470 26164
471 27431
472 29154
473 30304
474 30889
475 30959
476 31011
477 30921
478 31077
479 30717
480 30244
481 29686
482 28647
483 27560
484 26011
485 24148
486 22302
487 22320
488 24195
489 25656
490 25845
491 25295
492 23926
493 22101
494 21579
495 23455
496 26063
497 27525
498 28212
499 28434
500 28877
501 29106
502 29351
503 29714
504 30100
505 30264
506 30267
507 30239
508 30070
509 30251
510 29620
511 28904
512 28248
513 26921
514 25893
515 25259
516 24611
517 24145
518 23781
519 22521
520 22542
521 24756
522 27475
523 29376
524 30516
525 30565
526 30683
527 30826
528 30594
529 30087
530 29632
531 28821
532 27684
533 26253
534 24598
535 22425
536 21184
537 22025
538 24182
539 25401
540 25092
541 24120
542 22439
543 21670
544 22040
545 23681
546 26006
547 27686
548 28793
549 29473
550 29729
551 29630
552 29341
553 29091
554 28545
555 28235
556 28221
557 27881
558 27226
559 26418
560 25447
561 23671
562 23424
563 25488
564 27684
565 29814
566 30384
567 30722
568 30675
569 30643
570 30455
571 30170
572 30068
573 29313
574 28810
575 27830
576 27463
577 27600
578 28402
579 29113
580 29188
581 29170
582 28708
583 27784
584 26879
585 25712
586 24109
587 22962
588 23981
589 26593
590 28666
591 29879
592 30449
593 30491
594 30518
595 30508
596 30395
597 30089
598 29704
599 29196
600 28280
601 27161
602 25670
603 24274
604 22517
605 21317
606 21897
607 23103
608 23881
609 23966
610 23459
611 22482
612 21552
613 21817
614 23769
615 25798
616 27610
617 28934
618 30000
619 30582
620 30968
621 31143
622 31429
623 31369
624 31224
625 31377
626 31386
627 31600
628 31472
629 31391
630 31205
631 31361
632 31271
633 30999
634 30988
635 31017
636 31280
637 31231
638 31515
639 31292
640 31118
641 30831
642 30554
643 29811
644 28908
645 28100
646 26959
647 25930
648 26376
649 27979
650 29661
651 30892
652 31199
653 31527
654 31603
655 31597
656 31664
657 31594
658 31836
659 31611
660 31733
661 31646
662 31594
663 31419
664 31489
665 31330
666 31145
667 30699
668 30261
669 29744
670 29161
671 28516
672 28409
673 29290
674 30351
675 30740
676 31161
677 31090
678 30874
679 30709
680 30435
681 30271
682 30051
683 29899
684 30189
685 30486
686 30761
687 31070
688 30846
689 30478
690 30170
691 30051
692 29997
693 30045
694 30455
695 30834
696 31100
697 31250
698 31148
699 30999
700 30898
701 30791
702 30366
703 30126
704 29824
705 29376
706 29042
707 27965
708 27029
709 25542
710 23466
711 21887
712 20587
713 20380
714 21700
715 24152
716 26518
717 28376
718 29034
719 29522
720 29369
721 29377
722 28829
723 28640
724 28401
725 28846
726 29471
727 30148
728 30829
729 31246
730 31511
731 31321
732 31157
733 31408
734 31278
735 31479
736 31606
737 31517
738 31558
739 31619
740 31884
741 31745
742 31507
743 31832
744 31605
745 31685
746 31641
747 31551
748 31508
749 31571
750 31483
751 31427
752 31488
753 31579
754 31297
755 30840
756 30847
757 30214
758 29979
759 29690
760 29388
761 29940
762 30423
763 31048
764 31167
765 31333
766 31136
767 31369
768 31222
769 31060
770 30831
771 30531
772 30043
773 29447
774 28966
775 27859
776 26579
777 25971
778 26822
779 28300
780 28815
781 29262
782 28781
783 28608
784 28901
785 29450
786 30341
787 30896
788 31259
789 31591
790 31550
791 31421
792 31258
793 31212
794 31178
795 31100
796 31019
797 31344
798 31614
799 31549
800 31803
801 31516
802 31770
803 31982
804 31745
805 31725
806 31930
807 31705
808 31763
809 31784
810 31559
811 31612
812 31461
813 31302
814 31293
815 31018
816 30884
817 30516
818 29821
819 29014
820 27889
821 27342
822 26270
823 26062
824 26779
825 28019
826 28675
827 28596
828 28072
829 27205
830 26054
831 25318
832 26457
833 28488
834 29912
835 30830
836 31184
837 31355
838 31478
839 31612
840 31372
841 31561
842 31338
843 31310
844 31373
845 31226
846 31069
847 31045
848 30991
849 31024
850 31135
851 30806
852 30299
853 29908
854 28787
855 27662
856 26404
857 24634
858 23632
859 24969
860 27170
861 29058
862 30558
863 30645
864 31115
865 30940
866 30783
867 30655
868 30649
869 30333
870 30429
871 30270
872 30259
873 29749
874 29135
875 28258
876 27077
877 25596
878 24044
879 23417
880 22716
881 22431
882 22248
883 22962
884 24297
885 26160
886 27649
887 28875
888 30112
889 30876
890 31050
891 31261
892 31581
893 31592
894 31503
895 31805
896 31926
897 31775
898 31854
899 31750
900 31663
901 31574
902 31782
903 31741
904 31522
905 31394
906 31451
907 31343
908 31246
909 31284
910 31173
911 31030
912 31106
913 31083
914 30805
915 30368
916 29987
917 29216
918 28220
919 26918
920 25549
921 23916
922 23540
923 25429
924 27648
925 29243
926 29957
927 30233
928 30249
929 29820
930 29345
931 28566
932 27367
933 26223
934 24619
935 23112
936 21864
937 21993
938 23574
939 25627
940 27011
941 27609
942 27296
943 26743
944 25795
945 24941
946 24015
947 22600
948 22277
949 24308
950 26848
951 28877
952 30086
953 30833
954 31023
955 30856
956 31098
957 31091
958 31179
959 31421
960 31248
961 31322
962 31457
963 31370
964 31524
965 31299
966 31474
967 31268
968 31314
969 31150
970 31201
971 31047
972 31302
973 31107
974 30803
975 30453
976 30367
977 29939
978 29920
979 29481
980 29584
981 30045
982 30205
983 30882
984 31107
985 31330
986 31346
987 31497
988 31455
989 31417
990 31291
991 31186
992 30997
993 30926
994 30998
995 30753
996 30476
997 30211
998 29594
999 28859
1000 27952
1001 26901
1002 25662
1003 24837
1004 24999
1005 26208
1006 27624
1007 29289
1008 29963
1009 30346
1010 30564
1011 30592
1012 30338
1013 30315
1014 30060
1015 29697
1016 28779
1017 27706
1018 26350
1019 24986
1020 23370
1021 22893
1022 24636
1023 26946
1024 28902
1025 30125
1026 30707
1027 30758
1028 30934
1029 30940
1030 31037
1031 30846
1032 31002
1033 30605
1034 31029
1035 31100
1036 30804
1037 30701
1038 30690
1039 30145
1040 30079
1041 29210
1042 28260
1043 26981
1044 25495
1045 23718
1046 22094
1047 22342
1048 24698
1049 27202
1050 28894
1051 29726
1052 30263
1053 30350
1054 30743
1055 30631
1056 30696
1057 30495
1058 30544
1059 30234
1060 29910
1061 29955
1062 29740
1063 29597
1064 29434
1065 29594
1066 30226
1067 30284
1068 30430
1069 30472
1070 30768
1071 30908
1072 30794
1073 30685
1074 30769
1075 30687
1076 30565
1077 30555
1078 30413
1079 30228
1080 30104
1081 29851
1082 29461
1083 29013
1084 28167
1085 27277
1086 25948
1087 24397
1088 23102
1089 22154
1090 22810
1091 24473
1092 26764
1093 28237
1094 29116
1095 29658
1096 30010
1097 29866
1098 29873
1099 29651
1100 29193
1101 28344
1102 27356
1103 25811
1104 23999
1105 22095
1106 20914
1107 20791
1108 22133
1109 24489
1110 26665
1111 28343
1112 29550
1113 30168
1114 30196
1115 30407
1116 30214
1117 30177
1118 30262
1119 30055
1120 29975
1121 29653
1122 29363
1123 28968
1124 27909
1125 26469
1126 25239
1127 23785
1128 22291
1129 22825
1130 24914
1131 27531
1132 29274
1133 30073
1134 30409
1135 30676
1136 30715
1137 30587
1138 30633
1139 30313
1140 30474
1141 30405
1142 30279
1143 30287
1144 30151
1145 30115
1146 29723
1147 29565
1148 28874
1149 28009
1150 26595
1151 25162
1152 23403
1153 21274
1154 20233
1155 21786
1156 24365
1157 26676
1158 28119
1159 28674
1160 28709
1161 28495
1162 28000
1163 27436
1164 26927
1165 26837
1166 26828
1167 27313
1168 28120
1169 28911
1170 29431
1171 30159
1172 30320
1173 30701
1174 30655
1175 30964
1176 30971
1177 30931
1178 31005
1179 30861
1180 30971
1181 30976
1182 31087
1183 31059
1184 30931
1185 30763
1186 30924
1187 30577
1188 30487
1189 30373
1190 30499
1191 30546
1192 30568
1193 30839
1194 31038
1195 30799
1196 30874
1197 30828
1198 30690
1199 30492
1200 30374
1201 30189
1202 30208
1203 30238
1204 30633
1205 30733
1206 30890
1207 30898
1208 30880
1209 31032
1210 30786
1211 30912
1212 30646
1213 30633
1214 30527
1215 30459
1216 30418
1217 30077
1218 29788
1219 29685
1220 29138
1221 28528
1222 27624
1223 26251
1224 24476
1225 22657
1226 20509
1227 18661
1228 17513
1229 17376
1230 18581
1231 20942
1232 23612
1233 25537
1234 27371
1235 28411
1236 28830
1237 29077
1238 29227
1239 29035
1240 28616
1241 27796
1242 26843
1243 25409
1244 23912
1245 22976
1246 23924
1247 26112
1248 28192
1249 29252
1250 29605
1251 30040
1252 29803
1253 29698
1254 29143
1255 28317
1256 27600
1257 26169
1258 24317
1259 22253
1260 20761
1261 19800
1262 19933
1263 21479
1264 23415
1265 25088
1266 26036
1267 25820
1268 25052
1269 23644
1270 22566
1271 23308
1272 25807
1273 27977
1274 29482
1275 30035
1276 30409
1277 30658
1278 30546
1279 30777
1280 30705
1281 30805
1282 30982
1283 30938
1284 30883
1285 30820
1286 30854
1287 31022
1288 30857
1289 30662
1290 30563
1291 30493
1292 30286
1293 30233
1294 30360
1295 30581
1296 30676
1297 30774
1298 30584
1299 30500
1300 30203
1301 30112
1302 29811
1303 29904
1304 30018
1305 30313
1306 30523
1307 30721
1308 30856
1309 31230
1310 30904
1311 30913
1312 31011
1313 30928
1314 31026
1315 30701
1316 30672
1317 30695
1318 30497
1319 30415
1320 30144
1321 29968
1322 29875
1323 29690
1324 29777
1325 30041
1326 30234
1327 30282
1328 30524
1329 30608
1330 30633
1331 30747
1332 30521
1333 30806
1334 30571
1335 30756
1336 30743
1337 30481
1338 30613
1339 30591
1340 30610
1341 30455
1342 30599
1343 30457
1344 30270
1345 30146
1346 29858
1347 29741
1348 29120
1349 29047
1350 28446
1351 27954
1352 28036
1353 28426
1354 28936
1355 29535
1356 29708
1357 29886
1358 30112
1359 30148
1360 29903
1361 29989
1362 29228
1363 29543
1364 29438
1365 28918
1366 28299
1367 27589
1368 26404
1369 25401
1370 24007
1371 23975
1372 25493
1373 27712
1374 29145
1375 29859
1376 30038
1377 30273
1378 30084
1379 30192
1380 30306
1381 30248
1382 30262
1383 30317
1384 30142
1385 30000
1386 30027
1387 29892
1388 29610
1389 29487
1390 29108
1391 28599
1392 27428
1393 26384
1394 24989
1395 23432
1396 23636
1397 25270
1398 27447
1399 28777
1400 29525
1401 29720
1402 30045
1403 30045
1404 30172
1405 30099
1406 30072
1407 30102
1408 30127
1409 30116
1410 30068
1411 30011
1412 30167
1413 29983
1414 30055
1415 30041
1416 30259
1417 29923
1418 30061
1419 30163
1420 29989
1421 30007
1422 29951
1423 29734
1424 29849
1425 29808
1426 29876
1427 29767
1428 29809
1429 29816
1430 29785
1431 29731
1432 29753
1433 29895
1434 29613
1435 29633
1436 29497
1437 29291
1438 29290
1439 29229
1440 29351
1441 29607
1442 29709
1443 29697
1444 29932
1445 29804
1446 29974
1447 29939
1448 29849
1449 29822
1450 29910
1451 29674
1452 29758
1453 29556
1454 29428
1455 29648
1456 29601
1457 29753
1458 29821
1459 29602
1460 29897
1461 29830
1462 29753
1463 29807
1464 29622
1465 29482
1466 29382
1467 29173
1468 29244
1469 29001
1470 29009
1471 29171
1472 29382
1473 29522
1474 29466
1475 29895
1476 29848
1477 29672
1478 29849
1479 29955
1480 29773
1481 29745
1482 29518
1483 29484
1484 29120
1485 28883
1486 28283
1487 27594
1488 27078
1489 26888
1490 27173
1491 27814
1492 28637
1493 29027
1494 29361
1495 29435
1496 29430
1497 29263
1498 29127
1499 28665
1500 28302
1501 27572
1502 26591
1503 25305
1504 23934
1505 22983
1506 23945
1507 25809
1508 27338
1509 28497
1510 28958
1511 29237
1512 29150
1513 28816
1514 28452
1515 28283
1516 27950
1517 27736
1518 27607
1519 27909
1520 28170
1521 28486
1522 28786
1523 28827
1524 28743
1525 28583
1526 27865
1527 27111
1528 25811
1529 24751
