0 30357
1 32766
2 32235
3 31775
4 31538
5 31425
6 31512
7 31470
8 31631
9 31535
10 31000
11 30745
12 30360
13 30039
14 30318
15 30599
16 30945
17 30997
18 31427
19 31295
20 31341
21 31063
22 30795
23 30737
24 30286
25 30322
26 30276
27 30902
28 30836
29 30700
30 30552
31 30520
32 30089
33 29513
34 28827
35 28773
36 28278
37 27408
38 25827
39 23608
40 21236
41 19374
42 19054
43 20834
44 23460
45 26337
46 28589
47 29829
48 30761
49 31101
50 31220
51 31192
52 31246
53 31089
54 31024
55 31159
56 30827
57 30534
58 30723
59 30695
60 30966
61 31044
62 31194
63 31496
64 31691
65 31393
66 31436
67 31634
68 31365
69 31385
70 31294
71 31258
72 31418
73 31516
74 31512
75 31586
76 31445
77 31492
78 31654
79 31456
80 31278
81 31342
82 31452
83 31557
84 31484
85 31693
86 31783
87 31658
88 31610
89 31393
90 31109
91 31246
92 31057
93 30938
94 30712
95 30445
96 30255
97 30054
98 30568
99 30842
100 30964
101 31207
102 31184
103 31273
104 31397
105 31168
106 31133
107 31251
108 30880
109 30872
110 30898
111 30988
112 30751
113 30868
114 30492
115 30357
116 29909
117 29431
118 28933
119 27841
120 27137
121 25939
122 25138
123 25714
124 27125
125 28093
126 28601
127 28559
128 28406
129 28069
130 27567
131 27835
132 28792
133 29626
134 30111
135 30701
136 31202
137 31133
138 31085
139 31290
140 31145
141 31292
142 31050
143 31168
144 31272
145 31087
146 30989
147 30910
148 30921
149 30813
150 30390
151 29939
152 29795
153 29195
154 28443
155 28378
156 28499
157 28933
158 29142
159 29634
160 30006
161 30329
162 30381
163 30544
164 30676
165 30668
166 30766
167 30783
168 31049
169 31107
170 31125
171 30986
172 30946
173 30990
174 31060
175 31104
176 31220
177 31099
178 31350
179 31097
180 31180
181 31092
182 31186
183 31378
184 31026
185 31015
186 30965
187 31342
188 31056
189 31111
190 30988
191 30934
192 30867
193 30827
194 30582
195 30933
196 30456
197 30241
198 29845
199 29556
200 29457
201 29434
202 28915
203 28137
204 27175
205 25295
206 23164
207 21339
208 20896
209 22149
210 24862
211 26950
212 28478
213 29358
214 29796
215 30323
216 30593
217 30835
218 31021
219 31051
220 31014
221 30884
222 30852
223 30979
224 30866
225 30785
226 31060
227 30712
228 30827
229 30965
230 31145
231 30886
232 30773
233 30503
234 30499
235 30316
236 30024
237 29796
238 29357
239 28923
240 28229
241 27468
242 27209
243 27574
244 28205
245 29165
246 29910
247 30030
248 30180
249 30124
250 30180
251 30147
252 30384
253 30217
254 30222
255 29783
256 29762
257 29437
258 29363
259 29260
260 28938
261 28630
262 28145
263 27484
264 27252
265 28370
266 29411
267 29586
268 29739
269 30109
270 29739
271 29729
272 29245
273 28811
274 28005
275 27161
276 25903
277 24560
278 24022
279 24099
280 24655
281 25150
282 26080
283 26837
284 27178
285 27329
286 26855
287 27044
288 27653
289 28352
290 29020
291 29588
292 30117
293 30044
294 30300
295 30208
296 30163
297 30224
298 30159
299 30271
300 30113
301 30294
302 30181
303 30281
304 30027
305 30259
306 30081
307 30220
308 30222
309 30379
310 30381
311 30347
312 30418
313 30336
314 30345
315 30460
316 30244
317 30037
318 30284
319 30245
320 30198
321 30220
322 30127
323 30172
324 30254
325 29975
326 29815
327 29970
328 29769
329 29618
330 29698
331 29823
332 29646
333 29845
334 29928
335 29906
336 30149
337 29970
338 30220
339 30276
340 30071
341 29977
342 29908
343 30131
344 29926
345 29857
346 29861
347 29655
348 29434
349 28873
350 28517
351 28017
352 27518
353 27479
354 27795
355 27958
356 27659
357 27569
358 27770
359 28709
360 29283
361 29438
362 29634
363 29694
364 29668
365 29619
366 29094
367 29179
368 28506
369 27908
370 27005
371 25794
372 24665
373 24694
374 25597
375 27525
376 28730
377 29435
378 29512
379 29492
380 29611
381 29668
382 29771
383 29714
384 29698
385 29639
386 29571
387 29761
388 29556
389 29681
390 29859
391 29704
392 29865
393 29825
394 29656
395 29892
396 29825
397 29890
398 29639
399 29699
400 29793
401 29596
402 29426
403 29328
404 29157
405 29145
406 28678
407 28187
408 27632
409 26992
410 25757
411 25149
412 24329
413 23486
414 21847
415 19362
416 17604
417 18487
418 21038
419 23202
420 23756
421 22667
422 20681
423 19386
424 20616
425 22753
426 23617
427 24051
428 25133
429 26524
430 27273
431 27450
432 27248
433 26686
434 26215
435 25143
436 23651
437 21572
438 18362
439 15490
440 15246
441 15765
442 15000
443 13644
444 13453
445 14215
446 15866
447 18120
448 19101
449 18345
450 18230
451 19722
452 21715
453 22450
454 21825
455 21332
456 21328
457 21126
458 19569
459 17489
460 14372
461 11574
462 9794
463 8968
464 9049
465 10586
466 13627
467 17674
468 21188
469 22917
470 23572
471 23637
472 23000
473 22553
474 22964
475 24730
476 26587
477 27829
478 28201
479 28503
480 28621
481 28515
482 28513
483 28499
484 27685
485 27187
486 26216
487 25037
488 23273
489 20912
490 18758
491 19322
492 21699
493 23606
494 23680
495 22800
496 20698
497 18358
498 18355
499 20775
500 23596
501 25167
502 25604
503 26031
504 26294
505 26605
506 27236
507 27402
508 27816
509 27666
510 27893
511 27857
512 27755
513 27844
514 27632
515 27226
516 25931
517 24937
518 23812
519 22967
520 22370
521 22020
522 20698
523 19053
524 19412
525 22118
526 25321
527 27279
528 27970
529 28282
530 28302
531 28193
532 27991
533 27808
534 27284
535 26428
536 25365
537 23599
538 21636
539 18698
540 17838
541 19628
542 22149
543 23695
544 23398
545 21998
546 20244
547 19442
548 19908
549 21864
550 23939
551 25683
552 26905
553 27245
554 27245
555 27215
556 26865
557 26498
558 25996
559 25501
560 25665
561 25549
562 24949
563 23955
564 22102
565 19970
566 20207
567 22930
568 25499
569 27409
570 28044
571 28255
572 28426
573 28255
574 28098
575 28088
576 27579
577 26686
578 26029
579 24980
580 24328
581 24921
582 25757
583 26750
584 27126
585 26875
586 26503
587 25754
588 24674
589 22826
590 20551
591 19572
592 21314
593 24069
594 26348
595 27432
596 27910
597 27955
598 28181
599 27947
600 27944
601 27666
602 27330
603 26635
604 25869
605 24820
606 23127
607 21073
608 19025
609 18127
610 19010
611 20621
612 21588
613 21616
614 20905
615 19491
616 18270
617 18879
618 21183
619 23488
620 25292
621 26655
622 27601
623 28209
624 28722
625 29036
626 28768
627 28913
628 28865
629 28908
630 28907
631 28951
632 28826
633 28749
634 28681
635 28561
636 28374
637 28193
638 28398
639 28521
640 28722
641 28823
642 28819
643 28867
644 28630
645 28356
646 27931
647 27439
648 26336
649 25282
650 23536
651 22343
652 23445
653 25489
654 27287
655 28190
656 28602
657 28801
658 28886
659 29095
660 28940
661 29113
662 29042
663 29141
664 29077
665 28997
666 28930
667 28787
668 28932
669 28483
670 28402
671 28150
672 27835
673 27053
674 26152
675 25098
676 25441
677 26358
678 27509
679 28133
680 28371
681 28546
682 28313
683 28308
684 27863
685 27375
686 27229
687 26955
688 27410
689 27840
690 28080
691 28154
692 28110
693 27939
694 27594
695 27392
696 27328
697 27460
698 27871
699 27978
700 28389
701 28396
702 28388
703 28304
704 28247
705 27803
706 27579
707 27325
708 27091
709 26513
710 26050
711 25375
712 24217
713 22471
714 20196
715 18169
716 16670
717 16400
718 18227
719 21071
720 23744
721 25435
722 26360
723 26808
724 26637
725 26418
726 26163
727 25547
728 25612
729 26132
730 26794
731 27448
732 27929
733 28293
734 28384
735 28643
736 28485
737 28493
738 28188
739 28356
740 28433
741 28684
742 28768
743 28602
744 28643
745 28591
746 28609
747 28402
748 28406
749 28489
750 28459
751 28288
752 28524
753 28345
754 28318
755 28380
756 28443
757 28310
758 28030
759 27694
760 27545
761 27049
762 26760
763 26106
764 26204
765 26474
766 27074
767 27607
768 28081
769 28193
770 28017
771 27939
772 27925
773 27855
774 27812
775 27389
776 26983
777 26342
778 25213
779 24073
780 22316
781 21916
782 23208
783 24842
784 25562
785 25601
786 25276
787 24652
788 25057
789 26049
790 27002
791 27617
792 27853
793 28000
794 28100
795 28021
796 27925
797 27658
798 27734
799 27627
800 27674
801 27877
802 27976
803 28151
804 28234
805 28446
806 28449
807 28506
808 28261
809 28451
810 28294
811 28333
812 28141
813 28358
814 28131
815 28155
816 28082
817 27909
818 27648
819 27705
820 27473
821 27020
822 26428
823 25720
824 24520
825 23317
826 22198
827 21924
828 23235
829 24506
830 25171
831 25203
832 24603
833 23431
834 21565
835 21278
836 22890
837 25085
838 26626
839 27453
840 27739
841 27939
842 27914
843 28047
844 27915
845 27939
846 27997
847 28053
848 27895
849 27611
850 27535
851 27555
852 27610
853 27552
854 27575
855 27279
856 27157
857 26375
858 25565
859 24182
860 22517
861 20144
862 19411
863 21290
864 24043
865 25953
866 26919
867 27325
868 27445
869 27442
870 27274
871 27133
872 26896
873 26815
874 26981
875 26721
876 26473
877 26319
878 25542
879 24670
880 23695
881 21950
882 20403
883 19976
884 19611
885 19217
886 19054
887 19742
888 21198
889 22815
890 24484
891 25758
892 26569
893 27165
894 27494
895 27768
896 27810
897 27865
898 27827
899 27751
900 27739
901 27906
902 27901
903 27718
904 27903
905 27722
906 27579
907 27812
908 27647
909 27661
910 27525
911 27259
912 27293
913 27362
914 27280
915 27075
916 26963
917 27023
918 26877
919 26716
920 26187
921 25407
922 24187
923 23051
924 20983
925 18978
926 19251
927 21577
928 24144
929 25598
930 26038
931 26290
932 26392
933 26036
934 25545
935 24729
936 23688
937 22319
938 20614
939 18328
940 17263
941 17625
942 19870
943 22160
944 23441
945 23925
946 23786
947 23251
948 22278
949 21477
950 19731
951 17937
952 17915
953 20327
954 23357
955 25091
956 26295
957 26667
958 26909
959 27041
960 27219
961 26998
962 27077
963 27344
964 27114
965 27306
966 27231
967 27128
968 27226
969 27179
970 27154
971 27297
972 27211
973 27045
974 27002
975 27007
976 26914
977 26816
978 26775
979 26551
980 26398
981 25913
982 25738
983 25555
984 25561
985 25821
986 26266
987 26643
988 27115
989 26999
990 27078
991 27020
992 26993
993 26959
994 26820
995 26870
996 26880
997 26893
998 26673
999 31435
1000 26325
1001 25996
1002 25261
1003 24582
1004 23662
1005 22451
1006 20980
1007 19945
1008 20359
1009 22000
1010 23867
1011 25145
1012 25836
1013 26097
1014 26422
1015 26368
1016 26358
1017 26286
1018 25897
1019 25683
1020 24957
1021 23960
1022 22471
1023 20471
1024 18247
1025 18493
1026 20721
1027 23431
1028 25251
1029 26277
1030 26517
1031 26948
1032 26951
1033 26807
1034 27112
1035 26871
1036 26979
1037 26863
1038 26770
1039 26904
1040 26722
1041 26541
1042 26573
1043 26313
1044 25704
1045 25347
1046 24459
1047 23467
1048 21531
1049 19258
1050 17246
1051 18376
1052 21236
1053 23733
1054 25174
1055 26154
1056 26096
1057 26529
1058 26686
1059 26857
1060 26720
1061 26719
1062 26674
1063 26401
1064 26196
1065 26170
1066 25984
1067 25848
1068 25957
1069 26009
1070 26132
1071 26523
1072 26707
1073 26694
1074 26693
1075 26896
1076 26830
1077 27065
1078 27044
1079 26732
1080 26718
1081 26629
1082 26642
1083 26522
1084 26178
1085 25959
1086 25577
1087 25267
1088 24430
1089 23305
1090 22089
1091 20388
1092 18197
1093 17394
1094 18648
1095 20890
1096 23210
1097 24621
1098 25345
1099 25663
1100 26000
1101 26128
1102 26186
1103 25974
1104 25435
1105 24860
1106 24172
1107 22557
1108 20712
1109 18642
1110 17499
1111 17575
1112 19229
1113 21549
1114 23602
1115 25079
1116 26110
1117 26138
1118 26483
1119 26408
1120 26319
1121 26507
1122 26339
1123 26305
1124 26005
1125 25876
1126 25512
1127 24979
1128 24077
1129 22899
1130 21199
1131 19140
1132 17585
1133 18696
1134 21545
1135 23893
1136 25281
1137 25915
1138 26293
1139 26501
1140 26563
1141 26522
1142 26581
1143 26366
1144 26343
1145 26353
1146 26235
1147 26322
1148 25912
1149 25995
1150 25756
1151 25337
1152 24750
1153 24230
1154 22856
1155 21337
1156 18809
1157 16363
1158 15853
1159 17940
1160 20986
1161 23127
1162 24217
1163 24705
1164 24903
1165 24314
1166 24170
1167 23695
1168 23318
1169 22834
1170 23055
1171 23548
1172 24129
1173 24836
1174 25702
1175 25989
1176 26269
1177 26372
1178 26518
1179 26628
1180 26827
1181 26753
1182 26555
1183 26590
1184 26764
1185 26718
1186 26626
1187 26577
1188 26676
1189 26453
1190 26358
1191 26309
1192 26008
1193 25977
1194 26029
1195 26120
1196 26362
1197 26360
1198 26322
1199 26589
1200 26445
1201 26638
1202 26281
1203 26181
1204 25765
1205 25752
1206 25778
1207 25916
1208 25947
1209 26374
1210 26421
1211 26451
1212 26617
1213 26305
1214 26201
1215 26090
1216 26185
1217 26058
1218 26081
1219 26044
1220 25906
1221 25675
1222 25391
1223 25191
1224 24848
1225 24378
1226 23518
1227 22429
1228 21038
1229 19054
1230 17145
1231 15203
1232 14003
1233 14232
1234 15787
1235 17995
1236 20151
1237 22207
1238 23501
1239 24176
1240 24527
1241 24629
1242 24830
1243 24480
1244 24051
1245 23493
1246 22310
1247 20677
1248 18452
1249 17775
1250 19652
1251 22208
1252 24052
1253 24822
1254 25273
1255 25414
1256 25265
1257 25222
1258 24717
1259 24343
1260 23466
1261 22075
1262 20471
1263 18533
1264 16940
1265 16058
1266 16578
1267 18152
1268 20232
1269 21799
1270 22198
1271 21701
1272 20592
1273 18344
1274 17496
1275 19082
1276 21846
1277 23967
1278 25302
1279 25603
1280 26020
1281 26038
1282 26048
1283 26042
1284 26022
1285 26116
1286 26256
1287 26221
1288 26403
1289 26221
1290 26237
1291 26335
1292 26144
1293 25940
1294 25848
1295 25828
1296 25860
1297 25709
1298 25797
1299 25944
1300 26021
1301 26082
1302 25959
1303 25993
1304 25691
1305 25652
1306 25219
1307 25160
1308 25538
1309 25812
1310 25899
1311 26080
1312 26256
1313 26255
1314 26203
1315 26322
1316 26408
1317 26169
1318 26176
1319 26161
1320 26045
1321 25697
1322 25838
1323 25807
1324 25444
1325 25374
1326 25285
1327 25152
1328 25080
1329 25419
1330 25633
1331 26112
1332 26072
1333 26043
1334 26273
1335 26064
1336 26386
1337 26185
1338 26362
1339 26325
1340 26253
1341 26270
1342 26056
1343 26048
1344 26166
1345 26042
1346 26070
1347 25948
1348 25883
1349 25556
1350 25295
1351 25098
1352 24688
1353 24172
1354 23645
1355 23369
1356 23321
1357 23914
1358 24597
1359 24686
1360 25154
1361 25332
1362 25694
1363 25513
1364 25401
1365 25454
1366 25200
1367 25075
1368 24733
1369 24470
1370 23919
1371 23275
1372 22094
1373 20236
1374 18733
1375 19437
1376 21737
1377 23754
1378 24742
1379 25476
1380 25570
1381 25759
1382 25744
1383 25758
1384 25767
1385 25861
1386 25806
1387 25685
1388 25624
1389 25619
1390 25343
1391 25468
1392 25342
1393 24972
1394 24645
1395 24003
1396 23304
1397 21918
1398 19831
1399 18314
1400 19216
1401 21755
1402 23659
1403 24949
1404 25271
1405 25504
1406 25585
1407 25568
1408 25704
1409 25844
1410 25785
1411 25721
1412 25883
1413 25693
1414 25792
1415 25842
1416 25537
1417 25756
1418 25697
1419 25569
1420 25909
1421 25998
1422 25601
1423 25758
1424 25798
1425 25577
1426 25602
1427 25605
1428 25493
1429 25316
1430 25479
1431 25373
1432 25345
1433 25390
1434 25327
1435 25490
1436 25446
1437 25607
1438 25345
1439 25253
1440 25114
1441 25043
1442 24778
1443 24771
1444 25049
1445 25229
1446 25206
1447 25462
1448 25349
1449 25674
1450 25585
1451 25508
1452 25462
1453 25373
1454 25487
1455 25399
1456 25218
1457 25199
1458 25100
1459 25285
1460 25283
1461 25400
1462 25144
1463 25416
1464 25281
1465 25434
1466 25298
1467 25332
1468 25189
1469 24974
1470 24986
1471 24829
1472 24684
1473 24631
1474 24763
1475 24893
1476 25001
1477 24938
1478 25268
1479 25122
1480 25082
1481 25260
1482 25068
1483 25130
1484 25041
1485 25004
1486 24868
1487 24832
1488 24458
1489 24047
1490 23544
1491 22870
1492 22000
1493 21943
1494 22693
1495 23395
1496 23922
1497 24439
1498 24609
1499 24667
1500 24746
1501 24520
1502 24469
1503 24130
1504 23795
1505 23065
1506 22056
1507 20468
1508 18686
1509 18145
1510 19847
1511 21859
1512 23270
1513 23908
1514 24354
1515 24516
1516 24449
1517 24228
1518 23890
1519 23613
1520 23297
1521 23331
1522 23277
1523 23569
1524 23796
1525 24105
1526 24193
1527 24549
1528 24422
1529 23962
