0 30310
1 32766
2 32178
3 31859
4 31775
5 31718
6 31689
7 31703
8 31643
9 31752
10 31578
11 31422
12 31083
13 30879
14 30758
15 30742
16 30964
17 31153
18 31341
19 31502
20 31479
21 31329
22 31419
23 31194
24 31066
25 30753
26 30680
27 30986
28 30913
29 30947
30 31039
31 30809
32 30709
33 30258
34 30005
35 29666
36 29063
37 28370
38 27521
39 26037
40 24068
41 21951
42 20198
43 19680
44 20731
45 23034
46 25821
47 28055
48 29687
49 30652
50 31135
51 31226
52 31385
53 31347
54 31322
55 31383
56 31245
57 31171
58 30999
59 30921
60 31113
61 31163
62 31257
63 31558
64 31536
65 31571
66 31680
67 31581
68 31565
69 31413
70 31460
71 31657
72 31564
73 31553
74 31645
75 31769
76 31612
77 31604
78 31682
79 31451
80 31521
81 31463
82 31450
83 31551
84 31521
85 31729
86 31780
87 31812
88 31658
89 31723
90 31680
91 31601
92 31566
93 31408
94 31579
95 31281
96 31257
97 30970
98 30956
99 31101
100 31309
101 31598
102 31564
103 31608
104 31659
105 31632
106 31572
107 31468
108 31412
109 31434
110 31438
111 31488
112 31319
113 31293
114 31318
115 31169
116 31034
117 30816
118 30516
119 30099
120 29534
121 28832
122 28103
123 27626
124 27679
125 28383
126 29141
127 29491
128 29651
129 29567
130 29078
131 29236
132 29354
133 29956
134 30505
135 30825
136 31191
137 31415
138 31425
139 31629
140 31609
141 31496
142 31599
143 31547
144 31404
145 31511
146 31488
147 31462
148 31455
149 31371
150 31111
151 30924
152 30895
153 30450
154 30086
155 29654
156 29510
157 29701
158 29841
159 30049
160 30334
161 30549
162 30621
163 30891
164 30831
165 30867
166 30938
167 31042
168 31122
169 31287
170 31343
171 31383
172 31325
173 31362
174 31437
175 31493
176 31461
177 31496
178 31431
179 31346
180 31387
181 31412
182 31331
183 31443
184 31289
185 31397
186 31301
187 31411
188 31452
189 31300
190 31295
191 31373
192 31360
193 31341
194 31231
195 31218
196 31131
197 30987
198 30613
199 30368
200 30088
201 29931
202 29731
203 29353
204 28731
205 27607
206 26021
207 24486
208 22970
209 22400
210 23300
211 25144
212 27345
213 28986
214 30027
215 30533
216 30852
217 31115
218 31260
219 31416
220 31416
221 31416
222 31431
223 31513
224 31364
225 31459
226 31438
227 31354
228 31324
229 31282
230 31278
231 31405
232 31371
233 31153
234 31141
235 31067
236 30816
237 30725
238 30452
239 30141
240 29516
241 28875
242 28257
243 27837
244 28059
245 28782
246 29636
247 30103
248 30503
249 30765
250 30909
251 30846
252 30917
253 31111
254 30961
255 30778
256 30672
257 30450
258 30474
259 30197
260 30139
261 30029
262 29877
263 29664
264 29415
265 29390
266 29788
267 30186
268 30528
269 30746
270 30650
271 30708
272 30606
273 30392
274 30300
275 29711
276 28979
277 28261
278 27352
279 27062
280 27018
281 27270
282 27476
283 27967
284 28521
285 29012
286 28923
287 28908
288 28940
289 29108
290 29716
291 30105
292 30720
293 30968
294 31119
295 31133
296 31029
297 30966
298 30885
299 30966
300 30983
301 31045
302 30924
303 30982
304 30923
305 31159
306 31085
307 30993
308 31027
309 31149
310 31233
311 31113
312 31243
313 31410
314 31281
315 31344
316 31246
317 31241
318 31252
319 31276
320 31237
321 31034
322 31167
323 31061
324 31119
325 31045
326 31036
327 30942
328 30737
329 30707
330 30699
331 30573
332 30644
333 30616
334 30917
335 30815
336 30956
337 31079
338 31115
339 31078
340 30982
341 31051
342 30948
343 31037
344 31012
345 30909
346 30787
347 30738
348 30581
349 30369
350 30074
351 29729
352 29236
353 29088
354 29086
355 29161
356 29278
357 29327
358 29307
359 29571
360 29965
361 30291
362 30592
363 30564
364 30632
365 30677
366 30570
367 30453
368 30448
369 29924
370 29468
371 28971
372 28359
373 27582
374 27318
375 27918
376 29070
377 29845
378 30266
379 30631
380 30789
381 30849
382 30889
383 30852
384 30910
385 30876
386 30689
387 30781
388 30704
389 30746
390 30721
391 30691
392 30921
393 31000
394 31104
395 31097
396 30990
397 30989
398 30945
399 30787
400 30886
401 30870
402 30695
403 30723
404 30549
405 30504
406 30384
407 30179
408 29806
409 29396
410 28726
411 27940
412 27236
413 26261
414 25256
415 23726
416 21735
417 20099
418 20317
419 22089
420 24068
421 24982
422 24522
423 23010
424 21565
425 21916
426 23845
427 25308
428 25719
429 26506
430 27647
431 28560
432 28876
433 28744
434 28230
435 27752
436 26588
437 25171
438 23368
439 20828
440 18196
441 17130
442 17457
443 17440
444 16555
445 16224
446 16928
447 18371
448 20136
449 21367
450 21189
451 20718
452 21670
453 23464
454 24579
455 24491
456 24160
457 23951
458 23778
459 22926
460 21153
461 18663
462 16029
463 13651
464 12366
465 11727
466 12631
467 15024
468 18862
469 22155
470 24491
471 25608
472 25913
473 25638
474 25299
475 25400
476 26458
477 28098
478 29056
479 29726
480 29954
481 30177
482 30041
483 29874
484 29630
485 29317
486 28815
487 27908
488 26712
489 25255
490 23329
491 21321
492 20970
493 22593
494 24572
495 25049
496 24533
497 22983
498 20868
499 20161
500 21932
501 24559
502 26414
503 26972
504 27450
505 27928
506 28178
507 28450
508 28717
509 29158
510 29311
511 29413
512 29424
513 29376
514 29237
515 29131
516 28537
517 27593
518 26579
519 25541
520 24496
521 23859
522 23490
523 22717
524 21315
525 21329
526 23238
527 26164
528 28396
529 29524
530 29803
531 29994
532 29931
533 29910
534 29486
535 28929
536 28280
537 26926
538 25726
539 23896
540 21510
541 20081
542 21021
543 23243
544 24823
545 24864
546 23736
547 22226
548 21256
549 21424
550 22885
551 25129
552 27113
553 28349
554 29011
555 29322
556 29346
557 29232
558 28938
559 28621
560 28256
561 28124
562 27879
563 27126
564 26264
565 24612
566 22833
567 22290
568 24196
569 26878
570 28771
571 29748
572 30275
573 30347
574 30408
575 30327
576 30093
577 29758
578 29350
579 28855
580 28250
581 27845
582 27747
583 28458
584 28980
585 29069
586 28816
587 28373
588 27552
589 26557
590 25168
591 23243
592 21864
593 22673
594 25282
595 27656
596 29005
597 29532
598 29895
599 29913
600 29980
601 29830
602 29616
603 29410
604 29033
605 28340
606 27312
607 26275
608 24844
609 23238
610 22200
611 22204
612 23014
613 23594
614 23360
615 22841
616 21681
617 20429
618 20556
619 22493
620 24573
621 26540
622 27679
623 28705
624 29478
625 29891
626 30007
627 30281
628 30217
629 30227
630 30187
631 30123
632 30305
633 30217
634 30109
635 29988
636 30016
637 29784
638 29817
639 29849
640 30001
641 29952
642 30073
643 29934
644 29900
645 29778
646 29525
647 29195
648 28430
649 27779
650 26787
651 25201
652 24098
653 24299
654 25952
655 27876
656 29160
657 29475
658 29909
659 30020
660 29893
661 29988
662 30268
663 30020
664 30077
665 29900
666 29842
667 29887
668 29783
669 29797
670 29543
671 29424
672 29114
673 28528
674 28137
675 27292
676 26538
677 26365
678 27106
679 28329
680 28893
681 29360
682 29324
683 29283
684 29082
685 29042
686 28776
687 28530
688 28498
689 28633
690 28890
691 29037
692 29079
693 29063
694 28777
695 28481
696 28289
697 28091
698 28167
699 28328
700 28678
701 29081
702 29301
703 29169
704 29137
705 29130
706 29103
707 28803
708 28741
709 28447
710 28074
711 27577
712 27038
713 26209
714 24979
715 23427
716 21932
717 20714
718 20356
719 21236
720 23168
721 25255
722 26604
723 27376
724 27640
725 27640
726 27316
727 26836
728 26549
729 26540
730 26638
731 27193
732 27987
733 28404
734 28833
735 29120
736 29229
737 29330
738 28965
739 29094
740 29068
741 29100
742 29204
743 29212
744 29233
745 29184
746 29251
747 29311
748 29037
749 29248
750 29069
751 29030
752 29119
753 29113
754 28983
755 29177
756 29072
757 28924
758 29079
759 28949
760 28716
761 28444
762 28387
763 28116
764 27788
765 27604
766 27864
767 28241
768 28628
769 28866
770 28807
771 28899
772 28877
773 28800
774 28823
775 28559
776 28376
777 27867
778 27132
779 26486
780 25431
781 24000
782 23323
783 24059
784 25625
785 26651
786 27095
787 27128
788 26736
789 26939
790 27421
791 28067
792 28636
793 28896
794 28947
795 28987
796 29068
797 28814
798 28895
799 28663
800 28603
801 28736
802 28772
803 28962
804 29216
805 29318
806 29305
807 29374
808 29354
809 29410
810 29442
811 29429
812 29396
813 29352
814 29199
815 29272
816 29222
817 29191
818 28982
819 28996
820 28751
821 28638
822 28437
823 28123
824 27476
825 26813
826 25928
827 25285
828 24815
829 25314
830 26130
831 26687
832 26392
833 25874
834 24843
835 23375
836 22796
837 23798
838 25787
839 27339
840 28193
841 28801
842 28832
843 29047
844 29127
845 29046
846 28969
847 29064
848 29061
849 29018
850 28769
851 28697
852 28676
853 28679
854 28683
855 28561
856 28495
857 28077
858 27559
859 26570
860 25439
861 23920
862 22185
863 21305
864 22350
865 24616
866 26767
867 27791
868 28424
869 28541
870 28576
871 28338
872 28231
873 28154
874 28041
875 28011
876 28016
877 27923
878 27638
879 27360
880 26724
881 25662
882 24454
883 23190
884 22057
885 21377
886 20738
887 20421
888 20745
889 21963
890 23762
891 25201
892 26607
893 27561
894 28232
895 28594
896 28870
897 28974
898 29126
899 28993
900 29007
901 29021
902 29177
903 29130
904 29228
905 29145
906 29081
907 29117
908 29117
909 29173
910 29137
911 28987
912 29077
913 28780
914 28897
915 28798
916 28618
917 28649
918 28413
919 28463
920 28204
921 27758
922 27007
923 26005
924 24882
925 23272
926 21430
927 21206
928 22947
929 25285
930 26950
931 27898
932 28147
933 28153
934 27978
935 27667
936 27104
937 26371
938 25423
939 24093
940 22664
941 21394
942 21424
943 22825
944 24199
945 25476
946 25889
947 25556
948 25047
949 24077
950 23254
951 21964
952 20440
953 20056
954 21653
955 24434
956 26571
957 27833
958 28476
959 28655
960 28917
961 28937
962 28846
963 29030
964 28853
965 29122
966 28962
967 28968
968 28961
969 28932
970 28942
971 28992
972 28945
973 28860
974 28915
975 28873
976 28866
977 28655
978 28539
979 28462
980 28301
981 28018
982 27832
983 27421
984 27183
985 27204
986 27636
987 28037
988 28307
989 28681
990 28730
991 28809
992 28765
993 28843
994 28966
995 28773
996 28886
997 28754
998 28827
999 30747
1000 28500
1001 28113
1002 27913
1003 27669
1004 27077
1005 26382
1006 25542
1007 24554
1008 23765
1009 23813
1010 24810
1011 26198
1012 27216
1013 27891
1014 28042
1015 28212
1016 28265
1017 28286
1018 28018
1019 27884
1020 27517
1021 26910
1022 25830
1023 24492
1024 22802
1025 20950
1026 20457
1027 22088
1028 24616
1029 26687
1030 27846
1031 28392
1032 28632
1033 28690
1034 28681
1035 28871
1036 28785
1037 28710
1038 28711
1039 28588
1040 28810
1041 28387
1042 28466
1043 28283
1044 27954
1045 27931
1046 27148
1047 26381
1048 25194
1049 23582
1050 21527
1051 19898
1052 20043
1053 22303
1054 24853
1055 26666
1056 27679
1057 28118
1058 28074
1059 28331
1060 28501
1061 28421
1062 28481
1063 28293
1064 28001
1065 28023
1066 27799
1067 27628
1068 27568
1069 27368
1070 27535
1071 27857
1072 28053
1073 28262
1074 28396
1075 28548
1076 28425
1077 28555
1078 28636
1079 28555
1080 28488
1081 28530
1082 28513
1083 28652
1084 28206
1085 28152
1086 27979
1087 27697
1088 27373
1089 26837
1090 25876
1091 25077
1092 23683
1093 22509
1094 21669
1095 22142
1096 23649
1097 25341
1098 26656
1099 27358
1100 27686
1101 27829
1102 27888
1103 27914
1104 27679
1105 27221
1106 26543
1107 25580
1108 24232
1109 22453
1110 20594
1111 19221
1112 19132
1113 20435
1114 22435
1115 24675
1116 26382
1117 27329
1118 27896
1119 28141
1120 28111
1121 28173
1122 28103
1123 28172
1124 28080
1125 27871
1126 27751
1127 27340
1128 26974
1129 26021
1130 24929
1131 23546
1132 21759
1133 20399
1134 20578
1135 22804
1136 25233
1137 26953
1138 27796
1139 28196
1140 28326
1141 28273
1142 28374
1143 28193
1144 28240
1145 28247
1146 28207
1147 28222
1148 28176
1149 28004
1150 27881
1151 27656
1152 27399
1153 26908
1154 26100
1155 24851
1156 23560
1157 21406
1158 19405
1159 18546
1160 20017
1161 22580
1162 24714
1163 26041
1164 26554
1165 26630
1166 26361
1167 26012
1168 25499
1169 25078
1170 24826
1171 24710
1172 25247
1173 25812
1174 26535
1175 27262
1176 27722
1177 28081
1178 28112
1179 28427
1180 28443
1181 28529
1182 28564
1183 28606
1184 28448
1185 28519
1186 28453
1187 28412
1188 28399
1189 28406
1190 28448
1191 28241
1192 28220
1193 27964
1194 27856
1195 27879
1196 27978
1197 28015
1198 28186
1199 28181
1200 28359
1201 28375
1202 28154
1203 27966
1204 27828
1205 27553
1206 27547
1207 27462
1208 27520
1209 27893
1210 28011
1211 28136
1212 28188
1213 28191
1214 27999
1215 27987
1216 27986
1217 27987
1218 27868
1219 27735
1220 27722
1221 27634
1222 27484
1223 27205
1224 26980
1225 26647
1226 25843
1227 25027
1228 23967
1229 22363
1230 20503
1231 18533
1232 16765
1233 15454
1234 15365
1235 16646
1236 18659
1237 21144
1238 23164
1239 24651
1240 25561
1241 26165
1242 26472
1243 26487
1244 26253
1245 25767
1246 25052
1247 24209
1248 22735
1249 20932
1250 20164
1251 21193
1252 23575
1253 25292
1254 26478
1255 26926
1256 27001
1257 26960
1258 26822
1259 26381
1260 25904
1261 24902
1262 23745
1263 22168
1264 20228
1265 18459
1266 17598
1267 17871
1268 19188
1269 21209
1270 22566
1271 23432
1272 23383
1273 22396
1274 20776
1275 19780
1276 20775
1277 23034
1278 25267
1279 26636
1280 27324
1281 27578
1282 27811
1283 27808
1284 27808
1285 27745
1286 27888
1287 27828
1288 27945
1289 27947
1290 27993
1291 27993
1292 27866
1293 27820
1294 27756
1295 27636
1296 27477
1297 27388
1298 27388
1299 27389
1300 27380
1301 27711
1302 27718
1303 27734
1304 27613
1305 27584
1306 27219
1307 27045
1308 26956
1309 27099
1310 27324
1311 27591
1312 27872
1313 27960
1314 27973
1315 28010
1316 27905
1317 27896
1318 27888
1319 28000
1320 27790
1321 27691
1322 27600
1323 27502
1324 27441
1325 27317
1326 27285
1327 27119
1328 27095
1329 27134
1330 27423
1331 27500
1332 27620
1333 27900
1334 27889
1335 27829
1336 27976
1337 27931
1338 27931
1339 27930
1340 27877
1341 27864
1342 27822
1343 27776
1344 27890
1345 27895
1346 27918
1347 27855
1348 27815
1349 27788
1350 27673
1351 27595
1352 27268
1353 27038
1354 26717
1355 26354
1356 25965
1357 25961
1358 26183
1359 26664
1360 26965
1361 27131
1362 27402
1363 27501
1364 27466
1365 27585
1366 27336
1367 27329
1368 27181
1369 26862
1370 26448
1371 26018
1372 25227
1373 24144
1374 22576
1375 21339
1376 21548
1377 23339
1378 25198
1379 26679
1380 27320
1381 27565
1382 27708
1383 27801
1384 27734
1385 27892
1386 27783
1387 27617
1388 27690
1389 27732
1390 27676
1391 27605
1392 27559
1393 27448
1394 26850
1395 26655
1396 26179
1397 25299
1398 24181
1399 22299
1400 21151
1401 21337
1402 23323
1403 25307
1404 26677
1405 27200
1406 27506
1407 27562
1408 27681
1409 27723
1410 27746
1411 27785
1412 27826
1413 27814
1414 27745
1415 27853
1416 27827
1417 27859
1418 27685
1419 27760
1420 27822
1421 27785
1422 27869
1423 27794
1424 27828
1425 27713
1426 27751
1427 27654
1428 27592
1429 27623
1430 27377
1431 27500
1432 27415
1433 27412
1434 27430
1435 27379
1436 27409
1437 27617
1438 27541
1439 27496
1440 27353
1441 27063
1442 26994
1443 26859
1444 26824
1445 27045
1446 27119
1447 27361
1448 27392
1449 27572
1450 27631
1451 27592
1452 27539
1453 27549
1454 27531
1455 27526
1456 27508
1457 27354
1458 27364
1459 27279
1460 27369
1461 27284
1462 27255
1463 27330
1464 27504
1465 27401
1466 27400
1467 27375
1468 27374
1469 27255
1470 27224
1471 27084
1472 27003
1473 26824
1474 26742
1475 26736
1476 26786
1477 26892
1478 27186
1479 27232
1480 27276
1481 27294
1482 27201
1483 27257
1484 27155
1485 27163
1486 27226
1487 27128
1488 26877
1489 26643
1490 26431
1491 26094
1492 25585
1493 24993
1494 24885
1495 25150
1496 25688
1497 26257
1498 26530
1499 26763
1500 26846
1501 26687
1502 26583
1503 26607
1504 26250
1505 25789
1506 25091
1507 24098
1508 22652
1509 21068
1510 20557
1511 21571
1512 23465
1513 24857
1514 25796
1515 26289
1516 26193
1517 26273
1518 26110
1519 25759
1520 25407
1521 25281
1522 25012
1523 25129
1524 25363
1525 25669
1526 26021
1527 26320
1528 26288
1529 26266
