0 29455
1 31566
2 31081
3 30720
4 30737
5 30612
6 30539
7 30601
8 30639
9 30556
10 30719
11 30399
12 30399
13 30052
14 29678
15 29560
16 29877
17 29875
18 30150
19 30352
20 30205
21 30268
22 30220
23 30023
24 30045
25 29735
26 29619
27 29810
28 29594
29 29968
30 29758
31 29934
32 29651
33 29433
34 28919
35 28721
36 27988
37 27229
38 26541
39 25032
40 23212
41 21405
42 19876
43 18939
44 19680
45 21763
46 24387
47 26562
48 28571
49 29252
50 29821
51 30068
52 30071
53 30130
54 30066
55 30098
56 30082
57 29897
58 29587
59 29505
60 29813
61 29813
62 30042
63 30099
64 30448
65 30161
66 30175
67 30364
68 30209
69 30261
70 30256
71 30332
72 30052
73 30282
74 30260
75 30145
76 30157
77 30306
78 30339
79 30251
80 29935
81 29981
82 30044
83 30101
84 30122
85 30230
86 30299
87 30304
88 30329
89 30373
90 30290
91 30207
92 30102
93 30122
94 30082
95 29855
96 30062
97 29557
98 29434
99 29788
100 30077
101 30155
102 30176
103 30252
104 30090
105 30026
106 30188
107 30286
108 30157
109 30165
110 29994
111 30015
112 30148
113 29895
114 29687
115 29707
116 29674
117 29510
118 29146
119 28856
120 28286
121 28115
122 27211
123 26673
124 26563
125 27158
126 27758
127 28073
128 28278
129 28318
130 28213
131 28013
132 28206
133 28628
134 29051
135 29431
136 29684
137 30135
138 29989
139 30114
140 30033
141 30254
142 30228
143 30181
144 29965
145 30179
146 30083
147 30089
148 30060
149 30153
150 29843
151 29724
152 29833
153 29238
154 29125
155 28751
156 28615
157 28640
158 28658
159 28921
160 29071
161 29259
162 29307
163 29554
164 29366
165 29427
166 29552
167 29732
168 30124
169 29805
170 30142
171 30088
172 30104
173 30060
174 30074
175 30048
176 30239
177 30194
178 30342
179 30341
180 30058
181 29997
182 30214
183 30297
184 30039
185 30110
186 30188
187 30127
188 30218
189 30100
190 30215
191 30258
192 30202
193 30179
194 29766
195 29947
196 30123
197 29761
198 29467
199 29187
200 28891
201 28742
202 28526
203 28405
204 27702
205 26803
206 25316
207 24106
208 22674
209 21888
210 22322
211 24173
212 26129
213 27889
214 28859
215 29432
216 29860
217 29986
218 30045
219 30269
220 30259
221 30216
222 30226
223 30315
224 30352
225 30251
226 30290
227 30258
228 30193
229 30343
230 30338
231 30411
232 30488
233 30236
234 30066
235 30120
236 30015
237 29649
238 29514
239 29023
240 28524
241 27903
242 27295
243 26926
244 26833
245 27710
246 28397
247 29016
248 29405
249 29377
250 29798
251 29582
252 29900
253 29921
254 29861
255 29608
256 29433
257 29651
258 29560
259 29204
260 28966
261 29101
262 28996
263 28792
264 28556
265 28475
266 28735
267 29215
268 29469
269 29705
270 29704
271 29812
272 29467
273 29363
274 29156
275 28627
276 28178
277 27765
278 26832
279 26292
280 26522
281 26693
282 26954
283 27078
284 27612
285 28078
286 28090
287 28054
288 28026
289 28330
290 28705
291 29177
292 29724
293 29601
294 29963
295 29831
296 29861
297 29861
298 29875
299 29857
300 30129
301 29771
302 29987
303 29943
304 29942
305 30255
306 29978
307 29917
308 29996
309 29856
310 30173
311 30256
312 29912
313 30183
314 30370
315 30339
316 30061
317 30252
318 30321
319 30390
320 29906
321 30035
322 30033
323 30145
324 29938
325 29901
326 29613
327 29938
328 29855
329 29522
330 29547
331 29521
332 29709
333 29657
334 29699
335 29811
336 29927
337 29954
338 29814
339 29924
340 29971
341 30197
342 30091
343 29855
344 30035
345 29975
346 29841
347 29613
348 29650
349 29576
350 28886
351 28662
352 28338
353 28137
354 28177
355 28367
356 28194
357 28393
358 28364
359 28558
360 29079
361 29417
362 29621
363 29612
364 29623
365 29560
366 29540
367 29391
368 29347
369 29093
370 28645
371 28290
372 27806
373 27210
374 26594
375 27157
376 28240
377 28770
378 29393
379 29671
380 29638
381 29824
382 29782
383 29687
384 29777
385 29714
386 29845
387 29694
388 29858
389 29618
390 29561
391 29554
392 29922
393 29820
394 29841
395 29802
396 29897
397 30032
398 29840
399 29788
400 29695
401 29585
402 29499
403 29430
404 29365
405 29219
406 29236
407 28939
408 28609
409 28210
410 27696
411 26847
412 26095
413 25110
414 24119
415 22676
416 20716
417 18916
418 18692
419 20236
420 22289
421 23437
422 23207
423 22014
424 20353
425 20419
426 22094
427 23612
428 24254
429 24770
430 25847
431 26891
432 27554
433 27395
434 26826
435 26309
436 25236
437 23987
438 22311
439 19785
440 17093
441 15714
442 16123
443 15945
444 15397
445 15027
446 15727
447 16909
448 18712
449 19910
450 19981
451 19488
452 20194
453 21515
454 23007
455 23176
456 22627
457 22809
458 22629
459 22057
460 20667
461 18310
462 15808
463 13602
464 12067
465 11241
466 11874
467 13689
468 17202
469 20553
470 23180
471 24078
472 24610
473 24363
474 24051
475 23981
476 24719
477 26280
478 27565
479 28237
480 28441
481 28668
482 28429
483 28316
484 28118
485 27712
486 27102
487 26264
488 25135
489 23722
490 21861
491 19875
492 19280
493 20841
494 22530
495 23413
496 22826
497 21674
498 19615
499 18566
500 20118
501 22529
502 24563
503 25362
504 25706
505 26124
506 26542
507 26939
508 27103
509 27274
510 27678
511 27484
512 27531
513 27643
514 27645
515 27432
516 27030
517 26025
518 24936
519 23882
520 23104
521 22131
522 21896
523 21209
524 19896
525 19628
526 21063
527 23957
528 26367
529 27632
530 27994
531 28064
532 28219
533 28002
534 27708
535 27082
536 26392
537 25014
538 23815
539 22140
540 20124
541 18390
542 19106
543 20975
544 22734
545 23229
546 22465
547 21150
548 19915
549 20048
550 21297
551 23187
552 25045
553 26322
554 26913
555 27468
556 27429
557 27324
558 27069
559 26709
560 26400
561 26256
562 25839
563 25298
564 24214
565 22910
566 21269
567 20500
568 21827
569 24506
570 26432
571 27663
572 27993
573 28348
574 28194
575 28208
576 28119
577 27708
578 27521
579 26918
580 26685
581 26313
582 26115
583 26475
584 26897
585 26891
586 26889
587 26494
588 25790
589 24610
590 23522
591 21638
592 20214
593 20683
594 23001
595 25210
596 26818
597 27604
598 28059
599 28009
600 28113
601 27814
602 27619
603 27608
604 27086
605 26604
606 26052
607 25169
608 23872
609 22452
610 21387
611 21230
612 21826
613 22222
614 21776
615 21348
616 20105
617 18946
618 19114
619 20864
620 22766
621 24800
622 26157
623 27147
624 27759
625 28284
626 28448
627 28407
628 28497
629 28542
630 28727
631 28375
632 28698
633 28605
634 28538
635 28433
636 28567
637 28334
638 28371
639 28214
640 28423
641 28501
642 28454
643 28280
644 28260
645 28460
646 28223
647 27751
648 26999
649 26082
650 25149
651 23862
652 22528
653 22539
654 24257
655 26171
656 27513
657 28088
658 28611
659 28638
660 28404
661 28824
662 28550
663 28859
664 28615
665 28648
666 28934
667 28663
668 28390
669 28507
670 28328
671 28124
672 27903
673 27192
674 26710
675 25951
676 25208
677 24971
678 25546
679 26878
680 27748
681 27876
682 28203
683 28279
684 28027
685 28254
686 27670
687 27608
688 27632
689 27697
690 27916
691 27889
692 28026
693 27863
694 27781
695 27529
696 27301
697 27005
698 27077
699 27408
700 27849
701 28017
702 28019
703 28313
704 28035
705 28162
706 28104
707 27826
708 27718
709 27725
710 27305
711 26800
712 26426
713 25483
714 24626
715 23309
716 21839
717 20757
718 20266
719 21070
720 22683
721 24519
722 25878
723 26609
724 26811
725 26956
726 26613
727 26018
728 25654
729 25625
730 25882
731 26330
732 26900
733 27516
734 27938
735 27892
736 28454
737 28246
738 28118
739 28260
740 28148
741 28150
742 28425
743 28229
744 28351
745 28381
746 28277
747 28300
748 28521
749 28244
750 28369
751 28252
752 28353
753 28127
754 28002
755 28183
756 28108
757 28229
758 28250
759 28320
760 27856
761 27758
762 27602
763 27535
764 27174
765 26949
766 26752
767 27356
768 27692
769 27985
770 27886
771 28151
772 28128
773 27827
774 27759
775 27526
776 27410
777 26997
778 26185
779 25390
780 24357
781 22983
782 22038
783 22779
784 24463
785 25616
786 26302
787 26145
788 26059
789 26176
790 26668
791 27137
792 27512
793 27903
794 27866
795 27934
796 27828
797 27853
798 27890
799 27755
800 27659
801 27736
802 27829
803 28023
804 28217
805 28322
806 28306
807 28401
808 28488
809 28383
810 28411
811 28440
812 28354
813 28285
814 28226
815 28361
816 28341
817 27997
818 28215
819 28000
820 27889
821 27946
822 27378
823 27184
824 26559
825 26010
826 25469
827 24718
828 24393
829 24517
830 25223
831 25470
832 25230
833 24751
834 23705
835 22292
836 21522
837 22262
838 24218
839 26024
840 27054
841 27585
842 27817
843 28158
844 27823
845 28005
846 27957
847 28025
848 27932
849 27971
850 27869
851 27669
852 27542
853 27769
854 27634
855 27555
856 27302
857 26913
858 26498
859 25518
860 24253
861 23020
862 21071
863 20148
864 20840
865 23191
866 25311
867 26602
868 27234
869 27483
870 27260
871 27415
872 27686
873 27016
874 27127
875 26849
876 26800
877 26915
878 26715
879 26255
880 25763
881 24872
882 23900
883 22539
884 21700
885 20681
886 20216
887 19807
888 19820
889 20817
890 22426
891 23980
892 25272
893 26462
894 26897
895 27451
896 27633
897 27764
898 27743
899 27598
900 27746
901 27916
902 27919
903 27912
904 28056
905 27716
906 27774
907 27739
908 27695
909 27728
910 27655
911 27746
912 27616
913 27565
914 27349
915 27354
916 27403
917 27264
918 27235
919 26920
920 26665
921 26332
922 25767
923 24585
924 23531
925 21824
926 20353
927 19526
928 21006
929 23627
930 25287
931 26368
932 26710
933 26873
934 26624
935 26429
936 26061
937 25205
938 24400
939 23188
940 22046
941 20919
942 20652
943 22021
944 23204
945 24127
946 24584
947 24337
948 23618
949 22842
950 21880
951 20586
952 19210
953 18594
954 19892
955 22682
956 24859
957 26101
958 26763
959 27052
960 27074
961 27567
962 27475
963 27450
964 27449
965 27248
966 27343
967 27418
968 27520
969 27470
970 27490
971 27424
972 27436
973 27258
974 27517
975 27462
976 27283
977 27199
978 27236
979 27056
980 26674
981 26775
982 26299
983 26063
984 26014
985 25934
986 26058
987 26294
988 26847
989 27310
990 27294
991 27258
992 27292
993 27529
994 27371
995 27526
996 27420
997 27335
998 27278
999 32766
1000 26990
1001 26913
1002 26598
1003 26399
1004 25874
1005 25324
1006 24544
1007 23833
1008 23112
1009 23010
1010 23813
1011 24918
1012 26001
1013 26421
1014 26647
1015 26710
1016 26938
1017 26980
1018 26747
1019 26603
1020 26015
1021 25457
1022 24362
1023 23125
1024 21658
1025 19694
1026 18969
1027 20683
1028 22893
1029 25051
1030 26357
1031 26839
1032 27308
1033 27094
1034 27388
1035 27305
1036 27141
1037 27296
1038 27158
1039 27229
1040 27142
1041 26901
1042 27079
1043 26870
1044 26474
1045 26238
1046 25528
1047 24942
1048 23786
1049 22176
1050 20176
1051 18646
1052 18422
1053 20665
1054 23152
1055 25064
1056 25925
1057 26443
1058 26817
1059 26780
1060 26806
1061 26771
1062 26973
1063 26581
1064 26567
1065 26513
1066 26444
1067 26278
1068 26084
1069 26054
1070 26138
1071 26255
1072 26488
1073 26640
1074 26828
1075 27147
1076 26934
1077 26944
1078 27201
1079 27069
1080 27141
1081 26996
1082 26947
1083 26967
1084 26981
1085 26672
1086 26557
1087 26236
1088 26021
1089 25399
1090 24857
1091 24114
1092 22923
1093 21983
1094 21151
1095 21336
1096 22685
1097 24007
1098 25257
1099 25867
1100 26252
1101 26380
1102 26238
1103 26440
1104 26088
1105 25864
1106 25335
1107 24080
1108 23112
1109 21215
1110 19761
1111 18298
1112 18007
1113 19228
1114 21046
1115 23044
1116 24461
1117 25613
1118 26155
1119 26378
1120 26642
1121 26713
1122 26525
1123 26732
1124 26522
1125 26312
1126 26125
1127 26051
1128 25394
1129 24711
1130 23471
1131 22061
1132 20329
1133 18938
1134 18826
1135 20955
1136 23220
1137 24832
1138 25856
1139 26468
1140 26676
1141 26629
1142 26919
1143 26575
1144 26629
1145 26656
1146 26549
1147 26568
1148 26578
1149 26428
1150 26022
1151 26188
1152 25546
1153 25191
1154 24627
1155 23491
1156 22029
1157 20268
1158 18214
1159 17288
1160 18343
1161 20763
1162 23057
1163 24245
1164 24924
1165 24816
1166 24651
1167 24483
1168 24043
1169 23521
1170 23305
1171 23129
1172 23618
1173 24029
1174 24842
1175 25523
1176 25966
1177 26302
1178 26360
1179 26508
1180 26740
1181 26807
1182 26801
1183 26846
1184 26864
1185 26936
1186 26860
1187 26835
1188 26816
1189 26907
1190 26570
1191 26529
1192 26381
1193 26157
1194 26258
1195 26331
1196 26151
1197 26459
1198 26581
1199 26536
1200 26502
1201 26656
1202 26362
1203 26346
1204 26107
1205 25994
1206 25838
1207 25996
1208 26071
1209 26109
1210 26319
1211 26351
1212 26476
1213 26595
1214 26492
1215 26328
1216 26449
1217 26441
1218 26270
1219 26265
1220 26088
1221 26072
1222 25874
1223 25676
1224 25463
1225 25006
1226 24394
1227 23564
1228 22630
1229 21215
1230 19410
1231 17641
1232 16052
1233 14605
1234 14642
1235 15592
1236 17395
1237 19738
1238 21535
1239 23170
1240 24065
1241 24615
1242 24913
1243 24752
1244 24636
1245 24200
1246 23473
1247 22622
1248 21334
1249 19643
1250 18488
1251 19543
1252 21670
1253 23411
1254 24703
1255 25281
1256 25660
1257 25276
1258 25098
1259 24811
1260 24363
1261 23570
1262 22592
1263 21067
1264 19255
1265 17658
1266 16555
1267 16972
1268 17980
1269 19760
1270 21031
1271 21733
1272 21793
1273 21080
1274 19397
1275 18348
1276 18995
1277 21363
1278 23414
1279 25035
1280 25587
1281 26057
1282 26138
1283 26177
1284 26538
1285 26151
1286 26336
1287 26248
1288 26431
1289 26428
1290 26414
1291 26469
1292 26371
1293 26530
1294 26229
1295 26117
1296 25946
1297 25899
1298 25596
1299 25680
1300 25871
1301 26088
1302 26198
1303 26015
1304 26083
1305 26058
1306 25665
1307 25487
1308 25416
1309 25599
1310 25768
1311 26020
1312 26114
1313 26404
1314 26376
1315 26650
1316 26475
1317 26436
1318 26298
1319 26289
1320 26157
1321 26050
1322 26119
1323 25876
1324 25937
1325 25875
1326 25485
1327 25543
1328 25573
1329 25556
1330 25688
1331 25841
1332 26101
1333 26312
1334 26119
1335 26166
1336 26327
1337 26316
1338 26304
1339 26274
1340 25988
1341 26313
1342 25955
1343 26157
1344 26031
1345 26123
1346 26351
1347 26140
1348 26031
1349 25954
1350 25993
1351 25630
1352 25540
1353 25303
1354 25035
1355 24584
1356 24410
1357 24310
1358 24387
1359 25033
1360 25240
1361 25386
1362 25724
1363 25736
1364 25674
1365 25667
1366 25587
1367 25395
1368 25116
1369 25102
1370 24624
1371 24060
1372 23499
1373 22445
1374 21006
1375 19674
1376 19575
1377 21202
1378 23173
1379 24505
1380 25307
1381 25670
1382 25613
1383 25710
1384 25887
1385 25627
1386 25901
1387 25848
1388 25581
1389 25705
1390 25490
1391 25383
1392 25432
1393 25458
1394 25245
1395 24712
1396 24189
1397 23217
1398 22211
1399 20536
1400 19314
1401 19395
1402 21068
1403 22846
1404 24180
1405 24992
1406 25279
1407 25559
1408 25577
1409 25828
1410 25796
1411 25920
1412 25781
1413 25762
1414 25761
1415 25774
1416 25758
1417 25713
1418 25463
1419 25659
1420 25804
1421 25906
1422 25692
1423 25829
1424 25765
1425 25775
1426 25801
1427 25597
1428 25604
1429 25450
1430 25510
1431 25393
1432 25453
1433 25487
1434 25359
1435 25567
1436 25302
1437 25507
1438 25390
1439 25495
1440 25462
1441 25110
1442 25161
1443 24686
1444 24906
1445 24925
1446 25215
1447 25311
1448 25438
1449 25409
1450 25666
1451 25708
1452 25412
1453 25366
1454 25553
1455 25356
1456 25204
1457 25211
1458 25079
1459 25325
1460 25087
1461 25411
1462 25352
1463 25358
1464 25413
1465 25391
1466 25496
1467 25393
1468 25416
1469 25222
1470 25236
1471 25049
1472 25035
1473 24754
1474 24914
1475 24605
1476 24664
1477 24999
1478 25162
1479 25166
1480 25313
1481 25457
1482 25356
1483 25389
1484 25346
1485 25213
1486 25349
1487 25250
1488 25029
1489 24863
1490 24824
1491 24531
1492 23982
1493 23568
1494 23459
1495 23622
1496 23983
1497 24444
1498 24788
1499 24914
1500 24898
1501 24869
1502 24861
1503 24727
1504 24454
1505 24019
1506 23403
1507 22318
1508 21272
1509 19616
1510 18934
1511 19742
1512 21536
1513 23077
1514 23849
1515 24526
1516 24627
1517 24524
1518 24385
1519 24382
1520 24003
1521 23652
1522 23609
1523 23306
1524 23780
1525 24106
1526 24316
1527 24613
1528 24619
1529 24636
