0 30311
1 32766
2 32037
3 31551
4 31325
5 31056
6 30922
7 30668
8 30357
9 29520
10 28661
11 26755
12 23570
13 20250
14 17922
15 18002
16 20410
17 23978
18 26974
19 29055
20 30100
21 30685
22 30964
23 31167
24 31125
25 31202
26 30901
27 31263
28 30809
29 30665
30 30576
31 30581
32 30632
33 31138
34 31087
35 31255
36 31483
37 31387
38 31389
39 31244
40 30862
41 30869
42 31045
43 30820
44 30797
45 30977
46 31038
47 30907
48 30906
49 30861
50 30986
51 30743
52 30670
53 30521
54 30735
55 30718
56 30986
57 30996
58 30948
59 31038
60 30939
61 31164
62 30749
63 30973
64 31133
65 30847
66 30986
67 30979
68 30562
69 30488
70 30598
71 30914
72 30942
73 30941
74 30951
75 31056
76 30927
77 31040
78 31001
79 30612
80 30728
81 30975
82 30768
83 31010
84 30749
85 31026
86 30884
87 30788
88 30797
89 30680
90 30628
91 30283
92 30440
93 30176
94 29832
95 29345
96 28992
97 29325
98 29770
99 29787
100 29600
101 30072
102 29862
103 29722
104 30106
105 30489
106 30525
107 30930
108 31130
109 31157
110 31125
111 31194
112 31141
113 31085
114 31082
115 31046
116 30753
117 31051
118 31020
119 31039
120 31134
121 31090
122 30788
123 30974
124 30675
125 30689
126 30560
127 30250
128 30285
129 30336
130 30410
131 30343
132 30229
133 30452
134 30301
135 30531
136 30373
137 30630
138 30750
139 31041
140 30755
141 30837
142 31086
143 30995
144 30816
145 30986
146 30884
147 31043
148 30993
149 31106
150 31108
151 31056
152 31157
153 31006
154 30753
155 30969
156 30791
157 30811
158 31184
159 31213
160 30950
161 30882
162 30876
163 31120
164 30952
165 30952
166 31050
167 31151
168 30884
169 30583
170 30215
171 29988
172 29871
173 29582
174 29945
175 29673
176 29417
177 28539
178 26817
179 24154
180 22157
181 21577
182 23176
183 26016
184 28172
185 29404
186 30252
187 30633
188 30973
189 30884
190 30957
191 31050
192 30989
193 31075
194 31157
195 31136
196 30996
197 31314
198 31146
199 31057
200 31081
201 31219
202 31158
203 30822
204 31164
205 30869
206 30729
207 30749
208 30603
209 30768
210 30463
211 29987
212 29368
213 28534
214 27525
215 26724
216 27211
217 28316
218 29248
219 29819
220 30177
221 30108
222 30286
223 30222
224 30765
225 30596
226 30676
227 30552
228 30457
229 30239
230 30202
231 30142
232 30162
233 30497
234 30412
235 30192
236 30063
237 30217
238 30083
239 30647
240 30403
241 30500
242 30676
243 30709
244 30768
245 30860
246 30709
247 30610
248 30444
249 30012
250 29632
251 29358
252 29425
253 29162
254 29188
255 29564
256 29940
257 29726
258 29645
259 29422
260 29493
261 29665
262 30294
263 30172
264 30325
265 30610
266 30722
267 30768
268 30919
269 30643
270 30571
271 30846
272 30640
273 30646
274 30784
275 30533
276 30588
277 30733
278 30713
279 30791
280 30709
281 30730
282 30841
283 30973
284 30946
285 30760
286 31014
287 31077
288 30803
289 30849
290 30773
291 30591
292 30554
293 30874
294 30856
295 30818
296 30783
297 30963
298 31069
299 30565
300 30352
301 30457
302 30219
303 30264
304 30494
305 30503
306 30503
307 30588
308 30615
309 30738
310 30706
311 30795
312 30512
313 30723
314 30620
315 30670
316 30852
317 30652
318 30682
319 30563
320 30535
321 30269
322 30250
323 29824
324 29286
325 29086
326 29154
327 29508
328 29664
329 29839
330 30030
331 29978
332 30155
333 30430
334 30569
335 30464
336 30514
337 30505
338 30364
339 30877
340 30480
341 30605
342 30263
343 30202
344 29786
345 29160
346 28989
347 29369
348 30030
349 30296
350 30474
351 30743
352 30674
353 31024
354 31085
355 30667
356 30761
357 30521
358 30609
359 30787
360 30484
361 30599
362 30372
363 30626
364 30608
365 30669
366 30476
367 30725
368 30452
369 30644
370 30677
371 30664
372 30568
373 30636
374 30604
375 30552
376 30365
377 30456
378 30490
379 30465
380 30378
381 30076
382 30230
383 29703
384 29576
385 29376
386 29206
387 28890
388 27391
389 25649
390 25105
391 26007
392 27753
393 28829
394 28888
395 27466
396 25889
397 25690
398 27076
399 28056
400 28208
401 28381
402 28896
403 29429
404 29470
405 29285
406 29144
407 29288
408 29086
409 28988
410 28356
411 26960
412 24796
413 23460
414 24377
415 25231
416 24494
417 23738
418 23856
419 24984
420 26378
421 26895
422 26491
423 25256
424 25324
425 27051
426 27901
427 28366
428 27851
429 27850
430 28274
431 28169
432 27768
433 26579
434 25204
435 23600
436 21921
437 19891
438 18967
439 19415
440 21800
441 24428
442 26157
443 27277
444 27784
445 28037
446 27901
447 27583
448 27914
449 28656
450 29411
451 29878
452 29873
453 29998
454 29808
455 29704
456 29949
457 29863
458 29916
459 29602
460 29526
461 29159
462 27928
463 25656
464 24294
465 25349
466 27271
467 28303
468 28421
469 27687
470 25412
471 23428
472 23814
473 26324
474 27478
475 28007
476 27809
477 27835
478 27685
479 27566
480 28061
481 28678
482 29155
483 29223
484 29397
485 29491
486 29503
487 29338
488 28787
489 28286
490 27085
491 25962
492 25123
493 25061
494 25859
495 26298
496 25200
497 23906
498 24802
499 26854
500 28655
501 29220
502 29316
503 29686
504 29727
505 29805
506 29616
507 29666
508 29459
509 29204
510 28956
511 28442
512 26444
513 24054
514 23416
515 25019
516 26726
517 26517
518 24924
519 22385
520 19787
521 19268
522 20700
523 23362
524 25782
525 27513
526 28356
527 28724
528 29217
529 29540
530 29534
531 29356
532 29325
533 29148
534 29475
535 29403
536 29039
537 28677
538 27353
539 25355
540 25755
541 27382
542 28751
543 29457
544 29431
545 29985
546 29753
547 29830
548 29977
549 30026
550 29963
551 29846
552 29517
553 29291
554 28975
555 28964
556 29245
557 29641
558 29621
559 29628
560 29276
561 29173
562 28825
563 27628
564 25814
565 24856
566 26005
567 28063
568 28773
569 29137
570 29650
571 29832
572 29892
573 30016
574 29782
575 29681
576 29542
577 29887
578 29424
579 29099
580 28712
581 27676
582 26535
583 25942
584 26028
585 26247
586 26318
587 26248
588 25800
589 24576
590 23564
591 23986
592 25013
593 26061
594 27032
595 27915
596 28916
597 29355
598 29952
599 29641
600 30009
601 30005
602 30037
603 30059
604 29938
605 29878
606 29958
607 30083
608 29839
609 30125
610 29876
611 29760
612 29663
613 29879
614 30181
615 29882
616 29992
617 29924
618 29977
619 30188
620 29844
621 29688
622 29661
623 29062
624 27995
625 26873
626 27241
627 28452
628 29469
629 29584
630 29980
631 29982
632 30232
633 30102
634 30023
635 30008
636 30158
637 30104
638 30239
639 29973
640 29809
641 29773
642 30178
643 30100
644 30050
645 30196
646 29714
647 29753
648 29096
649 28343
650 28293
651 28922
652 29253
653 29427
654 29716
655 29834
656 29838
657 29712
658 29645
659 28839
660 29491
661 29451
662 29429
663 29531
664 29681
665 29700
666 29266
667 29369
668 28912
669 28362
670 28407
671 28532
672 28999
673 29167
674 29682
675 29874
676 29809
677 29986
678 30053
679 29917
680 29866
681 29780
682 29834
683 29689
684 29684
685 29354
686 29276
687 28816
688 28341
689 27211
690 26181
691 25587
692 26096
693 27158
694 28079
695 28494
696 29068
697 28932
698 28839
699 28269
700 27467
701 26924
702 26555
703 27098
704 27858
705 28749
706 29062
707 29610
708 29816
709 30198
710 29756
711 29809
712 29902
713 29863
714 29968
715 29958
716 29969
717 29915
718 29978
719 30084
720 30115
721 29676
722 30055
723 29985
724 30022
725 30164
726 30217
727 29988
728 30056
729 30135
730 29881
731 30018
732 30064
733 29933
734 29732
735 29671
736 29855
737 29285
738 29050
739 29351
740 29501
741 29531
742 29735
743 29754
744 29866
745 29603
746 29669
747 29718
748 29657
749 29631
750 29576
751 29501
752 29283
753 28673
754 27583
755 27119
756 27571
757 28624
758 29128
759 29049
760 29135
761 28891
762 28935
763 29334
764 29525
765 29839
766 29683
767 29883
768 29936
769 29631
770 29958
771 29574
772 29153
773 29105
774 29107
775 29338
776 29760
777 29832
778 29821
779 29820
780 29812
781 30073
782 29973
783 29831
784 30117
785 30072
786 29984
787 30065
788 30246
789 29887
790 30131
791 29920
792 29893
793 30010
794 29861
795 29819
796 29658
797 29887
798 29631
799 29123
800 28635
801 28341
802 28422
803 29171
804 29087
805 29226
806 29374
807 28773
808 27308
809 26525
810 26702
811 28285
812 29314
813 29552
814 29406
815 29601
816 29877
817 29800
818 30122
819 29917
820 30200
821 29977
822 29913
823 29689
824 29754
825 29576
826 29997
827 29879
828 29823
829 29723
830 29793
831 29800
832 29372
833 29342
834 28613
835 26762
836 25328
837 25987
838 27714
839 28791
840 29439
841 29696
842 29688
843 29665
844 29477
845 29394
846 29142
847 28876
848 29224
849 29102
850 29332
851 29234
852 29223
853 28936
854 28494
855 27687
856 26503
857 25135
858 23726
859 22044
860 20591
861 20590
862 22038
863 23731
864 25810
865 27134
866 28247
867 29135
868 29404
869 29665
870 29696
871 29911
872 29960
873 29758
874 29919
875 29967
876 30180
877 29868
878 30285
879 30030
880 30023
881 29777
882 30165
883 30134
884 29891
885 29964
886 29894
887 29804
888 29694
889 29882
890 29621
891 29624
892 29469
893 29750
894 29635
895 29436
896 29183
897 29142
898 27971
899 26150
900 25192
901 26244
902 28095
903 28822
904 29454
905 29291
906 29700
907 29819
908 29607
909 29499
910 29442
911 29052
912 28667
913 27723
914 26654
915 26098
916 26863
917 27631
918 28331
919 28121
920 27709
921 27555
922 27361
923 27447
924 27200
925 25476
926 24010
927 24866
928 27267
929 28533
930 29171
931 29484
932 29603
933 29876
934 29780
935 29752
936 29886
937 29643
938 29918
939 29700
940 29857
941 29856
942 29829
943 29939
944 29600
945 29804
946 29561
947 29690
948 29771
949 29638
950 29810
951 29594
952 29634
953 29465
954 29039
955 28677
956 28434
957 27796
958 28171
959 28036
960 28665
961 29180
962 29681
963 29537
964 29537
965 29894
966 29875
967 30028
968 29865
969 29894
970 29920
971 29736
972 29924
973 29604
974 29667
975 29625
976 29786
977 29486
978 29265
979 29066
980 28641
981 28036
982 27490
983 27822
984 28642
985 29020
986 29467
987 29607
988 29780
989 30024
990 29690
991 29830
992 29547
993 29757
994 29403
995 29309
996 28924
997 28064
998 26369
999 24434
1000 24973
1001 27161
1002 28294
1003 28793
1004 29318
1005 29456
1006 29819
1007 29744
1008 29891
1009 29771
1010 29625
1011 29802
1012 29747
1013 30114
1014 29604
1015 29929
1016 29740
1017 29798
1018 29660
1019 29375
1020 29132
1021 29265
1022 28358
1023 27460
1024 25075
1025 23830
1026 24982
1027 26996
1028 28197
1029 28792
1030 29100
1031 29387
1032 29591
1033 29424
1034 29582
1035 29506
1036 29523
1037 29367
1038 28887
1039 28817
1040 28451
1041 28729
1042 28160
1043 28439
1044 28370
1045 28953
1046 29143
1047 29281
1048 29418
1049 29507
1050 29431
1051 29741
1052 29792
1053 29585
1054 29864
1055 29582
1056 29646
1057 29571
1058 29621
1059 29304
1060 29269
1061 29224
1062 29179
1063 29078
1064 28915
1065 28845
1066 27873
1067 26984
1068 26517
1069 27050
1070 28117
1071 28880
1072 29064
1073 29265
1074 29141
1075 29278
1076 29239
1077 29231
1078 28678
1079 28638
1080 27875
1081 27040
1082 24965
1083 22260
1084 19621
1085 18244
1086 19093
1087 21580
1088 24377
1089 26640
1090 27893
1091 28809
1092 29004
1093 29324
1094 29213
1095 29132
1096 29229
1097 29183
1098 29235
1099 29485
1100 29165
1101 29235
1102 29214
1103 28852
1104 28445
1105 27627
1106 25831
1107 24471
1108 25248
1109 27032
1110 28513
1111 28806
1112 29154
1113 29365
1114 29629
1115 29623
1116 29634
1117 29436
1118 29529
1119 29483
1120 29301
1121 29308
1122 29540
1123 29331
1124 29289
1125 29222
1126 29096
1127 28808
1128 28650
1129 28280
1130 27657
1131 25807
1132 23502
1133 22964
1134 24876
1135 26528
1136 27651
1137 27921
1138 28067
1139 27921
1140 27405
1141 26884
1142 26132
1143 25572
1144 25315
1145 25446
1146 25826
1147 26577
1148 27611
1149 28001
1150 28668
1151 28988
1152 29159
1153 29243
1154 29446
1155 29617
1156 29676
1157 29486
1158 29657
1159 29662
1160 29475
1161 29443
1162 29699
1163 29625
1164 29056
1165 29370
1166 28942
1167 29027
1168 28660
1169 28847
1170 28863
1171 29252
1172 29479
1173 29482
1174 29548
1175 29541
1176 29407
1177 29425
1178 28830
1179 28705
1180 28519
1181 28669
1182 28631
1183 29055
1184 29092
1185 29378
1186 29262
1187 29333
1188 29218
1189 29177
1190 29245
1191 29275
1192 29216
1193 29009
1194 28717
1195 28788
1196 28542
1197 28400
1198 28405
1199 27715
1200 27425
1201 26634
1202 25341
1203 23978
1204 21698
1205 19114
1206 16553
1207 15000
1208 15207
1209 17159
1210 20014
1211 22703
1212 24781
1213 26385
1214 27358
1215 27845
1216 28326
1217 28439
1218 28355
1219 28489
1220 28345
1221 27927
1222 27106
1223 25545
1224 24659
1225 25682
1226 27376
1227 28289
1228 28325
1229 28773
1230 28809
1231 28601
1232 28588
1233 28228
1234 27849
1235 27001
1236 25563
1237 23408
1238 20928
1239 18599
1240 17627
1241 18251
1242 20708
1243 23275
1244 25235
1245 26739
1246 27202
1247 27047
1248 25356
1249 24396
1250 25272
1251 27004
1252 28147
1253 28885
1254 29279
1255 29219
1256 29443
1257 29560
1258 29354
1259 29519
1260 29305
1261 29302
1262 29399
1263 29533
1264 29329
1265 29564
1266 29558
1267 29372
1268 29125
1269 29040
1270 28951
1271 28517
1272 28668
1273 28908
1274 28971
1275 29191
1276 29236
1277 29409
1278 29097
1279 28935
1280 28792
1281 28208
1282 28187
1283 28408
1284 28818
1285 29285
1286 29345
1287 29620
1288 29459
1289 29460
1290 29534
1291 29139
1292 29460
1293 29384
1294 29196
1295 29099
1296 29036
1297 29226
1298 29057
1299 28821
1300 28759
1301 28527
1302 28668
1303 28688
1304 28910
1305 29067
1306 29040
1307 29305
1308 29156
1309 29105
1310 29411
1311 29304
1312 29200
1313 29418
1314 29227
1315 29438
1316 29427
1317 29404
1318 29544
1319 29447
1320 29259
1321 29238
1322 29582
1323 29096
1324 29414
1325 29260
1326 29273
1327 29337
1328 29186
1329 28584
1330 28353
1331 28377
1332 28237
1333 28615
1334 28656
1335 28908
1336 29057
1337 29139
1338 29357
1339 29444
1340 29231
1341 29060
1342 28970
1343 28738
1344 28460
1345 28465
1346 28676
1347 28171
1348 27411
1349 26142
1350 25995
1351 27047
1352 28374
1353 28871
1354 29126
1355 29304
1356 29504
1357 29485
1358 29710
1359 29494
1360 29653
1361 29318
1362 29231
1363 29494
1364 29807
1365 29541
1366 29503
1367 29709
1368 29449
1369 29345
1370 29343
1371 29287
1372 28703
1373 27543
1374 25882
1375 25687
1376 27262
1377 28064
1378 29162
1379 29425
1380 29356
1381 29517
1382 29685
1383 29522
1384 29654
1385 29550
1386 29578
1387 29629
1388 29543
1389 29607
1390 29905
1391 29484
1392 29548
1393 29845
1394 29523
1395 29859
1396 29972
1397 29640
1398 29864
1399 29838
1400 29536
1401 29641
1402 29588
1403 29244
1404 29420
1405 29344
1406 29253
1407 29455
1408 29498
1409 29329
1410 29439
1411 29603
1412 29524
1413 29670
1414 29514
1415 29022
1416 28967
1417 28899
1418 28881
1419 28834
1420 29350
1421 29470
1422 29517
1423 29603
1424 29770
1425 29696
1426 29796
1427 29384
1428 29695
1429 29602
1430 29801
1431 29490
1432 29573
1433 29279
1434 29380
1435 29454
1436 29515
1437 29424
1438 29714
1439 29500
1440 29783
1441 29551
1442 29660
1443 29504
1444 29798
1445 29405
1446 29189
1447 29177
1448 29086
1449 28884
1450 28881
1451 29061
1452 29356
1453 29372
1454 29511
1455 29548
1456 29652
1457 29871
1458 29621
1459 29661
1460 29701
1461 29712
1462 29792
1463 29700
1464 29349
1465 29230
1466 29175
1467 28992
1468 28637
1469 28633
1470 29137
1471 29153
1472 29226
1473 29416
1474 29255
1475 29631
1476 29520
1477 29213
1478 29331
1479 29185
1480 28903
1481 28138
1482 27632
1483 26059
1484 25058
1485 25231
1486 26582
1487 27946
1488 28655
1489 28924
1490 29126
1491 29117
1492 29022
1493 28690
1494 28405
1495 27904
1496 27482
1497 27276
1498 27731
1499 27970
1500 28480
1501 28517
1502 29050
1503 28995
1504 28982
1505 28881
1506 28643
1507 28318
1508 27031
1509 26109
1510 26637
1511 27752
1512 28398
1513 28658
1514 28796
1515 28941
1516 28872
1517 28915
1518 28782
1519 28674
1520 28673
1521 28764
1522 28742
1523 28703
1524 28634
1525 28706
1526 28452
1527 28211
1528 28305
1529 28309
