0 30621
1 32766
2 32321
3 31608
4 31130
5 30911
6 30620
7 30360
8 30114
9 29023
10 28004
11 25936
12 23282
13 20751
14 18707
15 18955
16 21367
17 24313
18 26831
19 29184
20 30189
21 30746
22 30972
23 31118
24 31268
25 30964
26 31106
27 31068
28 30780
29 30797
30 30732
31 30712
32 30804
33 31207
34 31309
35 31449
36 31415
37 31477
38 31230
39 31166
40 31298
41 31306
42 31140
43 31208
44 31142
45 31204
46 31209
47 31211
48 31133
49 31118
50 31176
51 30991
52 30839
53 30907
54 30896
55 30803
56 31088
57 31298
58 31134
59 31230
60 31417
61 31388
62 31192
63 31305
64 31195
65 31199
66 31324
67 31159
68 31055
69 30908
70 30875
71 30953
72 31025
73 31262
74 31184
75 31243
76 31017
77 31188
78 31237
79 31103
80 31196
81 31138
82 31420
83 31249
84 31087
85 31154
86 31132
87 31112
88 30943
89 30840
90 30948
91 30676
92 30536
93 30367
94 29862
95 29688
96 29508
97 29661
98 30166
99 30016
100 30047
101 30305
102 30075
103 30141
104 30372
105 30787
106 30970
107 31141
108 31009
109 31239
110 31177
111 31303
112 31280
113 31412
114 31172
115 31316
116 31233
117 31118
118 31050
119 31559
120 31285
121 31127
122 31090
123 31110
124 30636
125 30815
126 30759
127 30548
128 30583
129 30530
130 30625
131 30661
132 30533
133 30576
134 30644
135 30763
136 30578
137 30823
138 30942
139 31067
140 30978
141 31241
142 31406
143 31419
144 31232
145 31175
146 31314
147 31406
148 31173
149 31286
150 31191
151 31163
152 31258
153 31228
154 31099
155 30923
156 31071
157 31157
158 31391
159 31160
160 30936
161 31235
162 31137
163 31293
164 31162
165 31095
166 30972
167 31066
168 30777
169 30681
170 30379
171 29974
172 30076
173 29726
174 29897
175 29576
176 29048
177 28067
178 26414
179 24441
180 22670
181 22642
182 23912
183 26208
184 28311
185 29613
186 30329
187 30773
188 31082
189 31107
190 31212
191 31253
192 31202
193 31430
194 31410
195 31241
196 31257
197 31239
198 31201
199 31281
200 31151
201 31192
202 30940
203 31062
204 31186
205 31115
206 31309
207 30943
208 30727
209 30924
210 30501
211 29961
212 29563
213 28676
214 27777
215 27354
216 27770
217 28658
218 29495
219 30132
220 30337
221 30490
222 30593
223 30691
224 30861
225 30906
226 30821
227 30671
228 30776
229 30527
230 30521
231 30301
232 30576
233 30428
234 30552
235 30397
236 30403
237 30361
238 30476
239 30682
240 30665
241 30947
242 30795
243 30834
244 30748
245 30799
246 30815
247 30462
248 30433
249 30109
250 29643
251 29400
252 29357
253 29554
254 29590
255 29628
256 29730
257 29917
258 29772
259 29658
260 29927
261 29935
262 30235
263 30488
264 30839
265 30852
266 30912
267 30853
268 30902
269 30856
270 30733
271 30919
272 31032
273 30775
274 30849
275 30788
276 30979
277 31072
278 31046
279 31167
280 31125
281 31033
282 31104
283 31191
284 31191
285 31244
286 30993
287 31014
288 31255
289 30966
290 31292
291 31352
292 30991
293 31083
294 31191
295 31162
296 31092
297 30964
298 31065
299 30725
300 30913
301 30560
302 30334
303 30737
304 30693
305 30602
306 30749
307 30749
308 30708
309 30832
310 30867
311 31002
312 31423
313 30798
314 30951
315 31018
316 31063
317 31093
318 30958
319 31144
320 30697
321 30606
322 30324
323 30081
324 29746
325 29681
326 29666
327 29736
328 30053
329 30248
330 30454
331 30666
332 30603
333 30894
334 30928
335 31213
336 30869
337 31126
338 30979
339 30706
340 30976
341 31047
342 30562
343 30452
344 30028
345 29870
346 29649
347 29864
348 30280
349 30726
350 30909
351 30957
352 31040
353 31215
354 31169
355 30888
356 30943
357 31010
358 30942
359 30876
360 30896
361 30932
362 30617
363 30847
364 30994
365 31183
366 31090
367 30890
368 31112
369 31156
370 30977
371 31006
372 30985
373 31152
374 31016
375 31026
376 31081
377 30783
378 30953
379 30859
380 30830
381 30672
382 30595
383 30143
384 29854
385 29776
386 29417
387 28730
388 27627
389 26356
390 25979
391 27091
392 28476
393 28928
394 28909
395 27970
396 26674
397 26834
398 27904
399 28656
400 28699
401 29207
402 29501
403 29791
404 29929
405 29846
406 29756
407 29712
408 29547
409 29169
410 28393
411 27119
412 25177
413 24550
414 25031
415 25452
416 24952
417 24686
418 24870
419 25483
420 26375
421 27104
422 26909
423 26092
424 26273
425 27754
426 28572
427 28611
428 28401
429 28568
430 28579
431 28384
432 27718
433 26719
434 25320
435 23806
436 22303
437 20833
438 20294
439 21108
440 23066
441 25187
442 26799
443 27717
444 28441
445 28644
446 28547
447 28507
448 28950
449 29468
450 30283
451 30433
452 30578
453 30365
454 30580
455 30554
456 30449
457 30260
458 29937
459 30045
460 29812
461 29266
462 28083
463 26399
464 25494
465 26403
466 27978
467 28725
468 28666
469 27841
470 26135
471 24751
472 25258
473 26796
474 27955
475 28500
476 28240
477 28325
478 28282
479 28489
480 28680
481 29093
482 29524
483 29825
484 29813
485 29759
486 29965
487 29583
488 29173
489 28354
490 27222
491 26365
492 25642
493 25779
494 26276
495 26571
496 25722
497 25303
498 26058
499 27968
500 29224
501 29635
502 30215
503 30354
504 30102
505 30327
506 30021
507 29973
508 29835
509 29596
510 29131
511 28342
512 26547
513 24916
514 24556
515 25442
516 26661
517 26229
518 24912
519 22559
520 20830
521 20627
522 21888
523 24135
524 26238
525 27753
526 28496
527 29154
528 29698
529 29884
530 29825
531 29565
532 29504
533 29418
534 29387
535 29365
536 29204
537 28554
538 27261
539 25907
540 26304
541 27777
542 29159
543 29628
544 30081
545 30013
546 30107
547 30261
548 30105
549 30220
550 30128
551 29914
552 29711
553 29321
554 29178
555 29324
556 29460
557 29688
558 29546
559 29537
560 29387
561 29139
562 28891
563 27839
564 26380
565 25692
566 26934
567 28184
568 29084
569 29648
570 29731
571 29931
572 30128
573 29986
574 29963
575 30062
576 29810
577 29728
578 29766
579 29248
580 28666
581 27603
582 26693
583 26422
584 26393
585 26475
586 26556
587 26252
588 25759
589 24812
590 24407
591 24825
592 25733
593 26600
594 27825
595 28619
596 29307
597 29859
598 30313
599 30326
600 30622
601 30462
602 30646
603 30401
604 30245
605 30490
606 30647
607 30600
608 30384
609 30357
610 30276
611 30195
612 30164
613 30358
614 30311
615 30449
616 30471
617 30278
618 30332
619 30360
620 30208
621 29991
622 29705
623 29385
624 28299
625 27767
626 28023
627 28911
628 29707
629 29916
630 30223
631 30404
632 30302
633 30448
634 30308
635 30562
636 30879
637 30528
638 30361
639 30359
640 30395
641 30589
642 30661
643 30350
644 30335
645 30311
646 30272
647 29765
648 29663
649 29058
650 29113
651 29478
652 29977
653 30089
654 30182
655 30139
656 30270
657 30390
658 30458
659 29911
660 30155
661 30024
662 30293
663 30018
664 30241
665 30047
666 29749
667 29550
668 29144
669 28984
670 28807
671 29144
672 29520
673 29914
674 30134
675 30141
676 30361
677 30515
678 30469
679 30470
680 30473
681 30361
682 30293
683 30360
684 30046
685 29832
686 29569
687 29193
688 28412
689 27393
690 26649
691 26484
692 26987
693 27789
694 28611
695 29135
696 29316
697 29466
698 29080
699 28408
700 27910
701 27403
702 27449
703 27836
704 28608
705 29346
706 29793
707 30178
708 30399
709 30491
710 30337
711 30576
712 30243
713 30365
714 30480
715 30460
716 30492
717 30481
718 30508
719 30560
720 30262
721 30308
722 30724
723 30595
724 30616
725 30558
726 30574
727 30617
728 30403
729 30591
730 30591
731 30265
732 30532
733 30285
734 30312
735 30144
736 29916
737 29789
738 29630
739 29742
740 29891
741 30125
742 30112
743 30113
744 30178
745 30114
746 29967
747 30063
748 29883
749 29973
750 29750
751 29762
752 29353
753 28835
754 28072
755 27764
756 28350
757 29129
758 29209
759 29429
760 29338
761 29329
762 29431
763 29510
764 29823
765 29954
766 30141
767 30263
768 30205
769 30162
770 30152
771 29783
772 29655
773 29523
774 29805
775 29838
776 30041
777 30149
778 30377
779 30263
780 30350
781 30267
782 30305
783 30352
784 30309
785 30123
786 30401
787 30528
788 30424
789 30176
790 30357
791 30389
792 30375
793 30348
794 30426
795 30217
796 30060
797 29730
798 29741
799 29374
800 28863
801 28912
802 29059
803 29315
804 29510
805 29822
806 29312
807 28846
808 27934
809 27462
810 28136
811 28952
812 29449
813 30081
814 30034
815 30179
816 30070
817 30107
818 30470
819 30289
820 30429
821 30391
822 30162
823 30255
824 30244
825 30335
826 30342
827 30136
828 30214
829 30300
830 30166
831 30014
832 29575
833 29406
834 28442
835 27285
836 26474
837 27153
838 28341
839 29219
840 29801
841 29890
842 30166
843 30035
844 29948
845 29827
846 29453
847 29422
848 29756
849 29605
850 29734
851 29544
852 29393
853 28937
854 28329
855 27481
856 26448
857 25337
858 23775
859 22442
860 21397
861 21790
862 23153
863 24710
864 26487
865 27582
866 28756
867 29569
868 29895
869 30264
870 30303
871 30385
872 30446
873 30387
874 30360
875 30454
876 30630
877 30259
878 30401
879 30462
880 30631
881 30672
882 30265
883 30624
884 30359
885 30339
886 30413
887 30238
888 30204
889 30251
890 30282
891 30192
892 30059
893 30206
894 29821
895 29761
896 29408
897 29002
898 28134
899 26949
900 26501
901 27243
902 28587
903 29451
904 29857
905 29960
906 30001
907 30148
908 30064
909 29782
910 29647
911 29150
912 28720
913 28186
914 27191
915 27003
916 27375
917 28082
918 28461
919 28475
920 28242
921 27899
922 27614
923 27965
924 26973
925 25941
926 25314
927 26105
928 28037
929 29066
930 29604
931 29932
932 30054
933 30336
934 30056
935 30333
936 30223
937 30453
938 30353
939 30130
940 30363
941 30282
942 30124
943 30307
944 30341
945 30225
946 30219
947 30015
948 30085
949 30152
950 30149
951 29913
952 29832
953 29857
954 29492
955 29102
956 28699
957 28486
958 28428
959 28727
960 29358
961 29851
962 29959
963 30088
964 30115
965 30246
966 30199
967 30340
968 30464
969 30240
970 30375
971 30246
972 30375
973 30371
974 30126
975 30052
976 30017
977 29928
978 29815
979 29216
980 28949
981 28448
982 28203
983 28678
984 29190
985 29684
986 29667
987 29927
988 30198
989 30264
990 30098
991 29977
992 30039
993 30003
994 29647
995 29345
996 28929
997 28203
998 26680
999 25730
1000 26357
1001 27857
1002 28896
1003 29309
1004 29884
1005 29948
1006 30265
1007 30065
1008 30285
1009 30131
1010 30291
1011 30223
1012 30303
1013 30038
1014 30162
1015 30023
1016 29910
1017 30211
1018 29594
1019 29771
1020 29515
1021 29258
1022 28313
1023 27175
1024 25835
1025 25099
1026 26099
1027 27653
1028 28655
1029 29216
1030 29606
1031 29556
1032 29840
1033 30054
1034 29954
1035 29790
1036 29989
1037 29683
1038 29402
1039 29269
1040 29105
1041 28898
1042 28896
1043 28866
1044 29156
1045 29631
1046 29703
1047 29876
1048 29801
1049 30104
1050 30020
1051 30058
1052 30221
1053 30098
1054 30254
1055 30115
1056 30091
1057 30179
1058 29958
1059 29826
1060 30087
1061 30011
1062 29753
1063 29667
1064 29467
1065 28957
1066 28057
1067 27510
1068 27381
1069 28006
1070 28509
1071 29131
1072 29258
1073 29645
1074 29748
1075 29739
1076 29719
1077 29686
1078 29275
1079 28784
1080 27951
1081 26625
1082 24562
1083 22245
1084 20300
1085 19525
1086 20705
1087 22861
1088 25188
1089 26932
1090 28257
1091 28916
1092 29363
1093 29624
1094 29706
1095 29552
1096 29500
1097 29813
1098 29846
1099 29781
1100 29776
1101 29743
1102 29522
1103 29090
1104 28530
1105 27704
1106 26241
1107 25826
1108 26555
1109 28044
1110 28965
1111 29662
1112 29963
1113 30153
1114 29831
1115 30049
1116 30073
1117 30020
1118 30245
1119 29834
1120 30009
1121 29744
1122 30061
1123 29701
1124 29768
1125 29665
1126 29478
1127 29415
1128 28979
1129 28484
1130 27550
1131 26085
1132 24800
1133 24560
1134 25979
1135 27386
1136 27950
1137 28469
1138 28212
1139 28321
1140 27903
1141 27523
1142 26636
1143 25978
1144 25797
1145 26165
1146 26646
1147 27605
1148 28210
1149 29123
1150 29432
1151 29491
1152 29616
1153 30331
1154 29994
1155 30154
1156 30144
1157 30108
1158 30166
1159 30099
1160 30107
1161 30191
1162 29942
1163 30021
1164 29894
1165 29959
1166 29582
1167 29459
1168 29283
1169 29432
1170 29544
1171 29848
1172 29834
1173 29989
1174 29891
1175 29993
1176 29867
1177 29851
1178 29351
1179 29245
1180 29235
1181 29417
1182 29345
1183 29548
1184 29732
1185 29847
1186 29958
1187 29982
1188 29808
1189 29892
1190 29631
1191 29685
1192 29567
1193 29694
1194 29341
1195 29293
1196 28907
1197 28955
1198 28676
1199 28057
1200 27477
1201 26323
1202 25190
1203 23469
1204 21430
1205 18876
1206 16893
1207 16055
1208 16588
1209 18704
1210 21052
1211 23438
1212 25507
1213 26783
1214 27824
1215 28318
1216 28708
1217 28720
1218 29023
1219 29024
1220 28744
1221 28244
1222 27236
1223 26156
1224 25966
1225 26936
1226 28067
1227 28566
1228 29096
1229 29116
1230 29306
1231 28897
1232 28886
1233 28444
1234 28111
1235 26888
1236 25280
1237 23496
1238 21046
1239 19238
1240 18866
1241 19888
1242 22000
1243 24219
1244 25979
1245 27015
1246 27444
1247 27222
1248 26082
1249 25731
1250 26584
1251 27876
1252 28995
1253 29490
1254 29878
1255 29817
1256 29959
1257 30201
1258 30098
1259 30026
1260 30041
1261 30306
1262 29985
1263 30088
1264 30335
1265 30214
1266 30068
1267 30075
1268 29922
1269 29911
1270 29496
1271 29641
1272 29188
1273 29566
1274 29590
1275 29850
1276 29870
1277 29783
1278 29708
1279 29371
1280 29202
1281 29092
1282 28896
1283 29246
1284 29497
1285 29844
1286 29772
1287 30097
1288 30018
1289 29902
1290 30119
1291 29960
1292 29869
1293 29801
1294 29740
1295 29630
1296 29733
1297 29512
1298 29545
1299 29065
1300 29264
1301 29095
1302 29417
1303 29561
1304 29713
1305 29339
1306 29472
1307 29568
1308 29728
1309 29758
1310 30120
1311 29724
1312 29950
1313 29817
1314 29760
1315 29889
1316 29798
1317 29938
1318 30009
1319 29888
1320 30012
1321 29997
1322 30134
1323 30092
1324 29935
1325 30029
1326 29709
1327 29875
1328 29594
1329 29205
1330 29220
1331 28964
1332 29138
1333 29408
1334 29387
1335 29685
1336 29607
1337 29786
1338 29854
1339 29875
1340 29702
1341 29697
1342 29247
1343 29192
1344 29238
1345 29055
1346 28943
1347 28545
1348 27565
1349 26758
1350 26967
1351 27964
1352 28917
1353 29301
1354 29567
1355 29789
1356 29857
1357 29942
1358 29793
1359 29951
1360 30145
1361 30153
1362 29998
1363 30093
1364 29909
1365 29911
1366 30022
1367 29872
1368 29889
1369 30036
1370 29660
1371 29266
1372 28830
1373 27660
1374 26708
1375 26991
1376 27993
1377 28943
1378 29314
1379 29964
1380 29711
1381 29839
1382 29840
1383 30113
1384 30097
1385 30033
1386 30070
1387 30229
1388 30046
1389 30145
1390 30088
1391 30248
1392 30068
1393 29990
1394 30036
1395 30081
1396 30113
1397 30205
1398 29847
1399 30055
1400 30262
1401 29942
1402 29936
1403 30056
1404 29922
1405 30154
1406 29745
1407 29808
1408 29878
1409 29982
1410 29938
1411 30050
1412 29920
1413 29910
1414 29529
1415 29591
1416 29376
1417 29623
1418 29464
1419 29765
1420 29589
1421 29882
1422 29933
1423 30113
1424 30074
1425 30168
1426 30238
1427 29912
1428 30124
1429 30028
1430 30009
1431 29897
1432 29894
1433 29882
1434 29824
1435 29918
1436 30052
1437 30125
1438 30097
1439 30030
1440 29989
1441 30032
1442 30013
1443 29924
1444 29829
1445 29692
1446 29662
1447 29403
1448 29202
1449 29357
1450 29482
1451 29554
1452 29699
1453 29921
1454 30172
1455 29952
1456 30058
1457 30231
1458 29933
1459 30029
1460 29952
1461 30253
1462 30168
1463 29919
1464 29840
1465 29603
1466 29564
1467 29417
1468 29311
1469 29300
1470 29628
1471 29592
1472 29787
1473 29762
1474 29900
1475 29940
1476 29974
1477 29998
1478 29767
1479 29448
1480 29258
1481 28222
1482 27582
1483 26438
1484 25989
1485 26450
1486 27485
1487 28592
1488 28905
1489 29351
1490 29424
1491 29544
1492 29212
1493 28994
1494 28731
1495 28204
1496 27869
1497 27888
1498 28215
1499 28674
1500 28917
1501 29120
1502 29299
1503 29485
1504 29491
1505 29053
1506 28688
1507 28383
1508 27315
1509 27135
1510 27587
1511 28615
1512 29000
1513 29267
1514 29627
1515 29375
1516 29340
1517 29317
1518 29544
1519 29387
1520 29465
1521 29258
1522 29256
1523 29267
1524 29068
1525 28960
1526 28886
1527 28993
1528 28619
1529 29055
