0 30209
1 32766
2 31766
3 31567
4 31514
5 31791
6 31778
7 31621
8 31636
9 31439
10 31161
11 31166
12 30699
13 30335
14 30193
15 29933
16 29219
17 28020
18 25629
19 22790
20 19578
21 17612
22 18571
23 21347
24 24769
25 27687
26 29401
27 30484
28 30865
29 31015
30 31308
31 31150
32 31085
33 31272
34 31069
35 31125
36 30657
37 30989
38 30746
39 30918
40 31133
41 31378
42 31333
43 31428
44 31336
45 31421
46 31321
47 31230
48 31389
49 31077
50 31253
51 31444
52 31142
53 31125
54 31275
55 31421
56 31307
57 31187
58 31172
59 30962
60 31129
61 31184
62 31441
63 31095
64 31532
65 31318
66 31283
67 31464
68 31435
69 31541
70 31234
71 31497
72 31349
73 31344
74 31230
75 30995
76 30876
77 30936
78 31192
79 31218
80 31281
81 31195
82 31073
83 31249
84 30843
85 31364
86 31213
87 31098
88 31150
89 31203
90 31486
91 31301
92 31308
93 31252
94 31179
95 31083
96 31101
97 30844
98 30764
99 30514
100 30068
101 29364
102 28763
103 28987
104 29446
105 30022
106 30058
107 30041
108 29825
109 30056
110 29721
111 30240
112 30628
113 30794
114 31112
115 31028
116 31052
117 31323
118 31382
119 31352
120 31216
121 31168
122 31244
123 31190
124 31156
125 31333
126 31415
127 31200
128 31221
129 31095
130 31027
131 30997
132 30620
133 30548
134 30281
135 30258
136 30414
137 30392
138 30421
139 30470
140 30768
141 30675
142 30623
143 30667
144 30574
145 30810
146 30931
147 31048
148 31053
149 31200
150 31083
151 31113
152 31171
153 31401
154 31091
155 31125
156 31335
157 30992
158 31181
159 31075
160 31170
161 31047
162 30676
163 31132
164 31095
165 30940
166 31114
167 31039
168 31130
169 31123
170 31152
171 30891
172 30939
173 31081
174 30635
175 30692
176 30675
177 30206
178 29914
179 29522
180 29738
181 29562
182 29991
183 29239
184 27997
185 25942
186 23523
187 21408
188 21595
189 23564
190 26356
191 28431
192 29658
193 30221
194 30472
195 30882
196 30823
197 30656
198 30811
199 30648
200 30920
201 30945
202 30877
203 31095
204 30793
205 30957
206 30784
207 30557
208 30650
209 30958
210 30915
211 30926
212 31093
213 30720
214 30474
215 30526
216 30165
217 30273
218 29771
219 29104
220 28023
221 26758
222 26633
223 27238
224 28420
225 29310
226 30179
227 30008
228 30192
229 30384
230 30646
231 30305
232 30511
233 30730
234 30787
235 30311
236 30205
237 30005
238 29749
239 30223
240 30380
241 30231
242 29919
243 29720
244 30012
245 29883
246 30469
247 30291
248 30357
249 30530
250 30422
251 30816
252 30627
253 30514
254 30128
255 30500
256 29457
257 28866
258 28663
259 29092
260 28884
261 29071
262 29495
263 29876
264 29609
265 29437
266 29487
267 29013
268 29375
269 29977
270 30223
271 30570
272 30732
273 30513
274 30603
275 30511
276 30541
277 30370
278 30654
279 30437
280 30364
281 30272
282 30711
283 30410
284 30594
285 30703
286 30659
287 30594
288 30589
289 30781
290 30616
291 30827
292 30815
293 30999
294 30811
295 30765
296 30815
297 30755
298 30746
299 30766
300 30932
301 30682
302 30602
303 30658
304 30777
305 30552
306 30419
307 30582
308 30160
309 30121
310 30234
311 30470
312 30583
313 30391
314 30380
315 30343
316 30825
317 30726
318 30706
319 30704
320 30840
321 30662
322 30728
323 30694
324 30625
325 30632
326 30463
327 30536
328 30138
329 30139
330 29598
331 29422
332 29123
333 29155
334 29528
335 29754
336 29666
337 29680
338 29915
339 30300
340 30216
341 30261
342 30411
343 30477
344 30223
345 30463
346 30335
347 30490
348 30502
349 30371
350 29817
351 29234
352 28606
353 28460
354 29186
355 30000
356 30227
357 30317
358 30520
359 30560
360 30550
361 30596
362 30502
363 30509
364 30276
365 30322
366 30499
367 30244
368 30077
369 30322
370 30325
371 30242
372 30557
373 30283
374 30381
375 30379
376 30339
377 30284
378 30102
379 30097
380 30327
381 30329
382 30345
383 30193
384 30193
385 30224
386 30128
387 29903
388 29832
389 29656
390 29285
391 29050
392 28712
393 28580
394 27747
395 26154
396 24119
397 24349
398 26250
399 27860
400 28470
401 28230
402 26277
403 24918
404 25372
405 27194
406 28050
407 28022
408 28548
409 29058
410 29543
411 29446
412 29436
413 29452
414 29156
415 28987
416 28553
417 27716
418 25470
419 23052
420 22815
421 24132
422 24096
423 23221
424 22802
425 23405
426 24418
427 25846
428 26270
429 25333
430 24299
431 25223
432 27005
433 27856
434 27487
435 26958
436 27506
437 27421
438 27446
439 26570
440 24895
441 23138
442 21266
443 19574
444 17824
445 17490
446 19581
447 22348
448 25119
449 26621
450 27303
451 27765
452 27725
453 27253
454 27052
455 27857
456 29067
457 29355
458 29670
459 29640
460 29806
461 29751
462 29945
463 29914
464 29589
465 29678
466 29327
467 29218
468 28352
469 26574
470 24483
471 23806
472 25656
473 27763
474 28546
475 28010
476 26732
477 24086
478 22933
479 24340
480 26969
481 28178
482 27908
483 27874
484 27707
485 27814
486 27949
487 28324
488 28871
489 29058
490 29414
491 29314
492 29524
493 29471
494 29475
495 28497
496 27419
497 26567
498 25233
499 24818
500 25248
501 25928
502 25937
503 24494
504 23649
505 25290
506 27694
507 29179
508 29561
509 29643
510 29785
511 29611
512 29659
513 29686
514 29553
515 29253
516 29115
517 28582
518 27408
519 24985
520 22680
521 23471
522 25752
523 27021
524 26021
525 23992
526 21081
527 19248
528 19150
529 21431
530 24855
531 26732
532 27784
533 28526
534 29065
535 29460
536 29511
537 29252
538 29071
539 28732
540 29081
541 29089
542 29243
543 28604
544 27389
545 25563
546 24315
547 25814
548 27994
549 29346
550 29508
551 29811
552 29671
553 29756
554 29708
555 29799
556 29766
557 29658
558 29295
559 29031
560 28382
561 28209
562 29166
563 29398
564 29505
565 29415
566 29187
567 29246
568 28882
569 28182
570 26462
571 24138
572 24408
573 26826
574 28416
575 28934
576 29337
577 29781
578 29850
579 29452
580 29663
581 29651
582 29445
583 29289
584 29236
585 29034
586 28638
587 27849
588 26396
589 25137
590 24765
591 25741
592 26135
593 26002
594 25948
595 24899
596 23483
597 22886
598 23852
599 25492
600 26519
601 27819
602 28509
603 29149
604 29735
605 29934
606 29819
607 29635
608 30037
609 29913
610 29892
611 30097
612 29908
613 30248
614 30166
615 30018
616 29804
617 29611
618 30041
619 29950
620 29857
621 29738
622 29986
623 30049
624 29931
625 29846
626 29749
627 29880
628 29592
629 29312
630 28485
631 26715
632 26447
633 27448
634 28930
635 29553
636 29702
637 29631
638 29738
639 29947
640 29975
641 29772
642 29968
643 30050
644 29923
645 30123
646 30122
647 29741
648 29978
649 30089
650 29987
651 29852
652 29741
653 29360
654 29082
655 28385
656 27957
657 28735
658 29027
659 28674
660 29921
661 29679
662 29577
663 29994
664 29946
665 29561
666 29335
667 29347
668 29339
669 29289
670 29697
671 29827
672 29409
673 29283
674 29040
675 28457
676 28152
677 28283
678 28509
679 29131
680 29661
681 29906
682 29763
683 29838
684 30093
685 29501
686 29826
687 29512
688 29532
689 29498
690 29128
691 29256
692 28905
693 28500
694 27856
695 26609
696 25373
697 24215
698 24443
699 25639
700 27191
701 27979
702 28834
703 28816
704 28770
705 28119
706 27634
707 26703
708 26260
709 26478
710 27016
711 28090
712 28739
713 29451
714 29553
715 29641
716 29639
717 29609
718 29606
719 29606
720 29384
721 29718
722 29556
723 29691
724 29635
725 29758
726 29607
727 29777
728 29886
729 29573
730 29396
731 29518
732 29507
733 29627
734 29430
735 29645
736 29657
737 29619
738 29598
739 29441
740 29309
741 29125
742 29149
743 28898
744 28554
745 28645
746 29052
747 29228
748 29207
749 29500
750 29587
751 29315
752 29347
753 29576
754 29400
755 29346
756 29306
757 29134
758 29064
759 28539
760 27788
761 26588
762 26868
763 27677
764 28751
765 28875
766 28793
767 28256
768 28180
769 28636
770 29122
771 29213
772 29155
773 29569
774 29497
775 29439
776 28985
777 29440
778 28804
779 28908
780 28950
781 28784
782 29235
783 29109
784 29578
785 29489
786 29547
787 29401
788 29525
789 29429
790 29278
791 29748
792 29448
793 29609
794 29348
795 29562
796 29347
797 29491
798 29493
799 29550
800 29580
801 29483
802 29384
803 29284
804 28977
805 28373
806 27696
807 26922
808 27230
809 27825
810 28024
811 28811
812 28663
813 28349
814 27245
815 25902
816 25850
817 27160
818 28648
819 28807
820 29241
821 29443
822 29353
823 29474
824 29421
825 29402
826 29479
827 29487
828 29593
829 29386
830 29738
831 29451
832 29279
833 29175
834 29360
835 29320
836 29097
837 29232
838 28965
839 28782
840 28190
841 26602
842 24806
843 24260
844 26069
845 27849
846 28796
847 29060
848 29422
849 28917
850 28928
851 28988
852 28783
853 28378
854 28549
855 28442
856 28664
857 28866
858 28659
859 28647
860 28081
861 27647
862 26362
863 25128
864 23770
865 21953
866 20283
867 19530
868 20337
869 22582
870 24674
871 26148
872 27438
873 28488
874 28963
875 29273
876 29315
877 29665
878 29438
879 29392
880 29547
881 29641
882 29607
883 29500
884 29689
885 29488
886 29612
887 29320
888 29242
889 29448
890 29506
891 29383
892 29208
893 29305
894 29339
895 29129
896 29063
897 29339
898 29389
899 29082
900 29032
901 29050
902 28966
903 28962
904 27863
905 26081
906 24388
907 24461
908 26274
909 27960
910 29060
911 29180
912 29088
913 29032
914 29039
915 28873
916 28751
917 28511
918 28190
919 27100
920 25783
921 24554
922 24843
923 26306
924 26983
925 27677
926 27650
927 27139
928 26740
929 26869
930 26496
931 25577
932 23540
933 23199
934 25372
935 27816
936 28887
937 28911
938 29347
939 29240
940 29218
941 29286
942 29171
943 29433
944 29293
945 29052
946 29155
947 29245
948 29196
949 29423
950 29304
951 29589
952 29429
953 29360
954 29428
955 29304
956 29209
957 29038
958 29132
959 29016
960 29024
961 28500
962 28129
963 27619
964 27210
965 27528
966 28007
967 28939
968 29054
969 29388
970 29403
971 29339
972 29333
973 29225
974 29216
975 29281
976 29408
977 29326
978 29251
979 29416
980 29265
981 29398
982 29122
983 29073
984 28903
985 28559
986 28100
987 27178
988 26473
989 26424
990 27065
991 28547
992 28940
993 29050
994 29172
995 29254
996 29313
997 29463
998 29163
999 29199
1000 28920
1001 28867
1002 28490
1003 27683
1004 26092
1005 23967
1006 23640
1007 25554
1008 27677
1009 28582
1010 28993
1011 29057
1012 29201
1013 29497
1014 29223
1015 29579
1016 29140
1017 29712
1018 29229
1019 29493
1020 29004
1021 29443
1022 29332
1023 29042
1024 29299
1025 28980
1026 28955
1027 28575
1028 28146
1029 27499
1030 25359
1031 22956
1032 23232
1033 25577
1034 27802
1035 28504
1036 28603
1037 28877
1038 29297
1039 28886
1040 29121
1041 29182
1042 29067
1043 28851
1044 28689
1045 28549
1046 28455
1047 28105
1048 27856
1049 27833
1050 28239
1051 28460
1052 28819
1053 28812
1054 28938
1055 29128
1056 29193
1057 29340
1058 29237
1059 28989
1060 28962
1061 28996
1062 29351
1063 29348
1064 29182
1065 28992
1066 28884
1067 29026
1068 28768
1069 28593
1070 28526
1071 28068
1072 27423
1073 26344
1074 24973
1075 25231
1076 26613
1077 27654
1078 28409
1079 28587
1080 28832
1081 28892
1082 28512
1083 28764
1084 28446
1085 28489
1086 27940
1087 27112
1088 25463
1089 23021
1090 19986
1091 17484
1092 17368
1093 19585
1094 23054
1095 25715
1096 27293
1097 28432
1098 28567
1099 28786
1100 29008
1101 28750
1102 28799
1103 28811
1104 28746
1105 29149
1106 29057
1107 29180
1108 28862
1109 28777
1110 28463
1111 27348
1112 25653
1113 23751
1114 23433
1115 25655
1116 27877
1117 28709
1118 28876
1119 29129
1120 29234
1121 28846
1122 29066
1123 29256
1124 29097
1125 29222
1126 29193
1127 28785
1128 28943
1129 28726
1130 28739
1131 28938
1132 28609
1133 28718
1134 28569
1135 27935
1136 27258
1137 26048
1138 23699
1139 21730
1140 23142
1141 25584
1142 27401
1143 27664
1144 28006
1145 27813
1146 27377
1147 27093
1148 26096
1149 25560
1150 24750
1151 24878
1152 25188
1153 26055
1154 27246
1155 27858
1156 28263
1157 28744
1158 28668
1159 29023
1160 29374
1161 29221
1162 29136
1163 29097
1164 29024
1165 29095
1166 29313
1167 29158
1168 29039
1169 28789
1170 29113
1171 29076
1172 28719
1173 28642
1174 28294
1175 28351
1176 28562
1177 28638
1178 28962
1179 29233
1180 29169
1181 28835
1182 29017
1183 28862
1184 28728
1185 28475
1186 28139
1187 27708
1188 28240
1189 28474
1190 28682
1191 29167
1192 28843
1193 28957
1194 28920
1195 28879
1196 28870
1197 28950
1198 28490
1199 28515
1200 28326
1201 28495
1202 28446
1203 28272
1204 27875
1205 27349
1206 27009
1207 26509
1208 25613
1209 24086
1210 22097
1211 19546
1212 16569
1213 14492
1214 13985
1215 15623
1216 18649
1217 21508
1218 24226
1219 25774
1220 26899
1221 27566
1222 27572
1223 27556
1224 27971
1225 27936
1226 27787
1227 27764
1228 27002
1229 25226
1230 23698
1231 24047
1232 26279
1233 27633
1234 28224
1235 28144
1236 28453
1237 28155
1238 27941
1239 27939
1240 27330
1241 26894
1242 25817
1243 23950
1244 21258
1245 18863
1246 16618
1247 17024
1248 19060
1249 22076
1250 24643
1251 26071
1252 27059
1253 26905
1254 25330
1255 23484
1256 23602
1257 25788
1258 27548
1259 28201
1260 28702
1261 28657
1262 28856
1263 28944
1264 28931
1265 28854
1266 28774
1267 28926
1268 28684
1269 28840
1270 29017
1271 28860
1272 29136
1273 28826
1274 28723
1275 28555
1276 28559
1277 28020
1278 27947
1279 28272
1280 28182
1281 28443
1282 28705
1283 28685
1284 28691
1285 28557
1286 28086
1287 27851
1288 27720
1289 27987
1290 28161
1291 28629
1292 28628
1293 28861
1294 28622
1295 28946
1296 28988
1297 28934
1298 28729
1299 28849
1300 28678
1301 28901
1302 28736
1303 28844
1304 28629
1305 28434
1306 28559
1307 28178
1308 28552
1309 28426
1310 28650
1311 28623
1312 28937
1313 28900
1314 29123
1315 29019
1316 29187
1317 29206
1318 28996
1319 29148
1320 29133
1321 29168
1322 29138
1323 28887
1324 29030
1325 28968
1326 29209
1327 28996
1328 29078
1329 28753
1330 29011
1331 29076
1332 28963
1333 28890
1334 28495
1335 28458
1336 27872
1337 27589
1338 27636
1339 28320
1340 28193
1341 28238
1342 28770
1343 28835
1344 28803
1345 28869
1346 28944
1347 28413
1348 28623
1349 28382
1350 28140
1351 28161
1352 27839
1353 27698
1354 27140
1355 25405
1356 24609
1357 25579
1358 27457
1359 28576
1360 28645
1361 28908
1362 28735
1363 28956
1364 29037
1365 28764
1366 28727
1367 28913
1368 28750
1369 28822
1370 28968
1371 28802
1372 28943
1373 28917
1374 28658
1375 28780
1376 28884
1377 28442
1378 28403
1379 27252
1380 25358
1381 24271
1382 25296
1383 27659
1384 28525
1385 28651
1386 29123
1387 29009
1388 28972
1389 28950
1390 28980
1391 29102
1392 28961
1393 28969
1394 28878
1395 29093
1396 29158
1397 28815
1398 29066
1399 29312
1400 29105
1401 29204
1402 29131
1403 29049
1404 29030
1405 29071
1406 29114
1407 29278
1408 28911
1409 29048
1410 28867
1411 28969
1412 28878
1413 29057
1414 28615
1415 28983
1416 28998
1417 29008
1418 28919
1419 29100
1420 28802
1421 28624
1422 28503
1423 28151
1424 28153
1425 28238
1426 28645
1427 28609
1428 28927
1429 28823
1430 28891
1431 29011
1432 29028
1433 28902
1434 29184
1435 29038
1436 28988
1437 28835
1438 28602
1439 28462
1440 28620
1441 28676
1442 28719
1443 28964
1444 28920
1445 28698
1446 28826
1447 28997
1448 28699
1449 28923
1450 28926
1451 28748
1452 28488
1453 28472
1454 28044
1455 28042
1456 28098
1457 28253
1458 28706
1459 28611
1460 28882
1461 28775
1462 28880
1463 29004
1464 28669
1465 28914
1466 28893
1467 28880
1468 28770
1469 28802
1470 28872
1471 28677
1472 28598
1473 28153
1474 27643
1475 27499
1476 27691
1477 28490
1478 28713
1479 28563
1480 28468
1481 28786
1482 28708
1483 28726
1484 28385
1485 28509
1486 28276
1487 27764
1488 27038
1489 25609
1490 24141
1491 23902
1492 25424
1493 26887
1494 27933
1495 28338
1496 28487
1497 28473
1498 28407
1499 28148
1500 27769
1501 27033
1502 26708
1503 26620
1504 26625
1505 27000
1506 27654
1507 27966
1508 28237
1509 28502
1510 28239
1511 28273
1512 28003
1513 28102
1514 26582
1515 25310
1516 25469
1517 26756
1518 28065
1519 28493
1520 28660
1521 28666
1522 28708
1523 28991
1524 28835
1525 28829
1526 29068
1527 29055
1528 29038
1529 28884
