0 30225
1 32766
2 31909
3 31531
4 31325
5 31721
6 31460
7 31451
8 31639
9 31319
10 31168
11 31200
12 30433
13 30228
14 30088
15 29897
16 29159
17 28327
18 26372
19 23527
20 19883
21 17660
22 17712
23 20155
24 23868
25 26845
26 28805
27 30123
28 30422
29 30907
30 31003
31 30983
32 31035
33 31386
34 30924
35 30828
36 30627
37 30632
38 30482
39 30649
40 30990
41 31020
42 31047
43 31196
44 31159
45 31142
46 30885
47 31135
48 30978
49 30795
50 30609
51 31065
52 31260
53 31059
54 30985
55 30914
56 30874
57 30960
58 30629
59 30717
60 30516
61 30527
62 30583
63 30815
64 30684
65 30905
66 31033
67 31008
68 30810
69 30874
70 31055
71 30879
72 30960
73 30844
74 30411
75 30524
76 30462
77 30611
78 30298
79 30922
80 30953
81 30844
82 30562
83 30840
84 30995
85 30608
86 30782
87 30850
88 30453
89 30940
90 30887
91 31040
92 30818
93 30859
94 30992
95 30714
96 30432
97 30476
98 30398
99 30027
100 29702
101 28855
102 28616
103 28536
104 29219
105 29530
106 29815
107 29501
108 29510
109 29211
110 29259
111 29734
112 29982
113 30386
114 30288
115 30683
116 30733
117 30758
118 30734
119 31063
120 30858
121 30754
122 30758
123 30562
124 30654
125 31008
126 30825
127 30787
128 30779
129 30768
130 30616
131 30462
132 30697
133 30076
134 29906
135 29917
136 29834
137 29707
138 29895
139 30121
140 30121
141 30186
142 30090
143 30001
144 30291
145 30418
146 30638
147 30479
148 30614
149 30763
150 30848
151 30760
152 30784
153 30719
154 30699
155 30703
156 30383
157 30599
158 30793
159 30512
160 30347
161 30584
162 30466
163 30320
164 30559
165 30819
166 30346
167 30787
168 30784
169 30874
170 30865
171 30728
172 30697
173 30502
174 30487
175 30572
176 29968
177 29929
178 29473
179 29516
180 29299
181 29230
182 29271
183 28983
184 28003
185 26198
186 23661
187 21519
188 20783
189 22418
190 25537
191 27621
192 29206
193 29866
194 30163
195 30513
196 30369
197 30706
198 30543
199 30543
200 30542
201 30554
202 30893
203 30347
204 30523
205 30849
206 30588
207 30597
208 30217
209 30638
210 30497
211 30291
212 30195
213 30543
214 30265
215 30348
216 30143
217 30020
218 29616
219 29009
220 27857
221 26834
222 26103
223 26546
224 27745
225 29029
226 29884
227 29724
228 30147
229 30093
230 30125
231 30008
232 30218
233 30438
234 30326
235 30028
236 29957
237 29814
238 29534
239 29627
240 29911
241 29657
242 29655
243 29365
244 29117
245 29589
246 29922
247 30227
248 30287
249 30243
250 30258
251 30181
252 30162
253 30061
254 29987
255 29571
256 29219
257 28452
258 28326
259 28278
260 28363
261 28424
262 28885
263 29149
264 29224
265 29163
266 28828
267 29083
268 29246
269 29554
270 29997
271 29819
272 30591
273 30328
274 30483
275 30419
276 30106
277 30443
278 30010
279 30177
280 30117
281 30100
282 30127
283 30489
284 30121
285 30190
286 30303
287 30202
288 30647
289 30361
290 30484
291 30416
292 30411
293 30807
294 30567
295 30511
296 30633
297 30643
298 30785
299 30543
300 30577
301 30554
302 30338
303 30469
304 30278
305 30100
306 30258
307 30273
308 29982
309 29952
310 29779
311 30050
312 30100
313 30192
314 29967
315 30285
316 30313
317 30293
318 30417
319 30408
320 30336
321 30186
322 30168
323 30387
324 30043
325 30426
326 29947
327 30257
328 30013
329 29636
330 29253
331 28759
332 28653
333 28844
334 29054
335 29150
336 29385
337 29335
338 29393
339 29749
340 29719
341 30080
342 30248
343 30127
344 29966
345 30048
346 30016
347 30063
348 29925
349 29991
350 29809
351 29184
352 28233
353 28117
354 28484
355 29201
356 29800
357 30138
358 29916
359 30170
360 30170
361 29942
362 29839
363 30260
364 29815
365 29976
366 30123
367 29769
368 29657
369 29820
370 29919
371 30102
372 30103
373 30073
374 30367
375 29860
376 29996
377 30187
378 29735
379 29564
380 29886
381 29709
382 29686
383 29666
384 29635
385 29614
386 29421
387 29469
388 29677
389 29028
390 28619
391 28502
392 28225
393 28313
394 27661
395 25747
396 23734
397 23455
398 25110
399 27190
400 28148
401 27651
402 26292
403 24631
404 24631
405 26591
406 27715
407 27413
408 27664
409 28614
410 28832
411 29079
412 28780
413 28989
414 28900
415 28371
416 28180
417 27246
418 25454
419 22754
420 21903
421 23403
422 23911
423 22714
424 22123
425 22160
426 23449
427 24887
428 25775
429 24933
430 23740
431 24265
432 26277
433 27261
434 27085
435 26492
436 26715
437 27102
438 27084
439 26138
440 24503
441 22488
442 20980
443 19055
444 17165
445 16647
446 18308
447 21390
448 24155
449 25948
450 26922
451 26955
452 27158
453 26744
454 26328
455 27189
456 28557
457 29246
458 29414
459 29806
460 29670
461 29814
462 29368
463 29505
464 29426
465 29494
466 29140
467 29058
468 28075
469 26697
470 24073
471 23000
472 25022
473 26945
474 28136
475 27958
476 26785
477 24035
478 22055
479 23451
480 26226
481 27582
482 27655
483 27500
484 27166
485 27379
486 27463
487 27881
488 28152
489 28874
490 28944
491 28805
492 29093
493 29037
494 28883
495 28468
496 27510
497 26377
498 25069
499 24359
500 24352
501 25359
502 25681
503 23845
504 22581
505 24205
506 26932
507 28689
508 29017
509 29234
510 29089
511 29359
512 29304
513 29087
514 29226
515 28870
516 28739
517 28180
518 27574
519 24680
520 22223
521 22617
522 25038
523 26492
524 26001
525 24145
526 21213
527 18865
528 18740
529 20697
530 23795
531 26161
532 27567
533 28122
534 28544
535 28963
536 29108
537 29180
538 28777
539 28323
540 28359
541 28803
542 28733
543 28486
544 27517
545 25343
546 23809
547 25085
548 27276
549 28905
550 29395
551 29260
552 29894
553 29371
554 29133
555 29465
556 29215
557 29345
558 29274
559 28744
560 28195
561 27716
562 27869
563 28762
564 28999
565 29000
566 28659
567 29013
568 28654
569 28115
570 26328
571 23873
572 23677
573 25599
574 27816
575 28628
576 28884
577 29311
578 29204
579 29627
580 29420
581 29150
582 29032
583 29029
584 29023
585 28790
586 28636
587 27850
588 26245
589 24638
590 24327
591 24882
592 25621
593 25649
594 25519
595 24417
596 23299
597 22507
598 23121
599 24698
600 26147
601 27154
602 28097
603 28910
604 29170
605 29691
606 29419
607 29582
608 29549
609 29530
610 29689
611 29732
612 29639
613 29736
614 29861
615 29767
616 29391
617 29366
618 29576
619 29460
620 29525
621 29495
622 29571
623 29541
624 29649
625 29812
626 29285
627 29586
628 29008
629 28973
630 28158
631 26569
632 25917
633 26703
634 28357
635 29199
636 29637
637 29830
638 29535
639 29519
640 29682
641 29735
642 29602
643 29784
644 29820
645 29983
646 29724
647 29632
648 30085
649 29812
650 29505
651 29520
652 29328
653 29483
654 28842
655 28273
656 27505
657 28122
658 28743
659 28664
660 29570
661 29369
662 29494
663 29411
664 29291
665 29128
666 29035
667 28804
668 28882
669 29204
670 29104
671 29518
672 29301
673 29153
674 28747
675 28326
676 27824
677 27816
678 28196
679 28769
680 29356
681 29509
682 29589
683 29423
684 29439
685 29201
686 29374
687 29235
688 29230
689 28783
690 29159
691 28790
692 28659
693 28288
694 27458
695 26389
696 25201
697 23950
698 23530
699 25043
700 26713
701 27754
702 28366
703 28632
704 28434
705 28087
706 27393
707 26646
708 25927
709 26142
710 26534
711 27811
712 28394
713 28933
714 29489
715 29503
716 29479
717 29490
718 29475
719 29420
720 29534
721 29305
722 29506
723 29251
724 29596
725 29609
726 29657
727 29318
728 29536
729 29117
730 29319
731 29238
732 29249
733 29318
734 29363
735 29135
736 29253
737 29199
738 29279
739 29478
740 29053
741 29475
742 29025
743 28576
744 28621
745 28253
746 28547
747 28844
748 29291
749 29278
750 29199
751 29139
752 29255
753 29334
754 29245
755 29228
756 29074
757 28967
758 28711
759 28361
760 27749
761 26538
762 26012
763 27270
764 28511
765 28644
766 28619
767 28509
768 28121
769 28073
770 28775
771 28819
772 29290
773 29550
774 29271
775 29020
776 29346
777 29206
778 28790
779 28699
780 28968
781 28604
782 28738
783 29095
784 29415
785 29308
786 29300
787 29503
788 29521
789 29368
790 29180
791 29425
792 29156
793 29554
794 29574
795 29503
796 29318
797 29019
798 29070
799 29052
800 29345
801 29005
802 29224
803 28839
804 28814
805 28160
806 27473
807 26894
808 26989
809 27349
810 27672
811 28593
812 28915
813 28331
814 27067
815 25830
816 25441
817 26453
818 27950
819 28785
820 29235
821 29394
822 29333
823 29159
824 29104
825 29453
826 29131
827 29124
828 29494
829 29289
830 29103
831 29200
832 29023
833 29093
834 29253
835 29345
836 29154
837 28918
838 28649
839 28608
840 28339
841 26867
842 24820
843 23931
844 25512
845 27766
846 28494
847 28795
848 28994
849 28972
850 28810
851 28531
852 28692
853 28031
854 28190
855 28311
856 28533
857 28691
858 28493
859 28402
860 27859
861 27418
862 26205
863 24762
864 23386
865 22105
866 20246
867 19429
868 20085
869 22291
870 24514
871 26190
872 27381
873 28245
874 28794
875 28922
876 29334
877 29042
878 29160
879 29108
880 29386
881 29506
882 29323
883 29253
884 29398
885 29304
886 29415
887 29286
888 29251
889 29218
890 29173
891 29275
892 29209
893 28839
894 29215
895 28804
896 29077
897 28900
898 29054
899 29156
900 28827
901 28770
902 28917
903 28740
904 27912
905 26062
906 23922
907 24158
908 25792
909 27927
910 28739
911 28799
912 29044
913 29128
914 28888
915 28732
916 28461
917 28251
918 27891
919 26872
920 25701
921 24306
922 24397
923 25889
924 27097
925 27672
926 27239
927 27022
928 26710
929 26536
930 26556
931 25146
932 23173
933 22749
934 24770
935 27532
936 28706
937 29037
938 29160
939 29308
940 29205
941 29234
942 29238
943 29090
944 28974
945 29059
946 28980
947 28947
948 29047
949 29045
950 29434
951 29413
952 29260
953 29294
954 28974
955 29160
956 29159
957 29090
958 28668
959 28888
960 28673
961 28528
962 28045
963 27281
964 27088
965 27378
966 27689
967 28442
968 28913
969 29195
970 29313
971 28995
972 29443
973 29017
974 29200
975 29395
976 29369
977 29426
978 29325
979 29365
980 29173
981 28973
982 29131
983 28944
984 28763
985 28684
986 27840
987 27221
988 26270
989 26185
990 27109
991 28477
992 28904
993 29191
994 29088
995 29363
996 28823
997 29226
998 28948
999 28885
1000 28567
1001 28725
1002 28307
1003 27764
1004 26317
1005 23821
1006 22737
1007 24925
1008 27514
1009 28634
1010 28837
1011 29074
1012 29030
1013 29296
1014 29296
1015 29353
1016 29339
1017 29426
1018 29335
1019 29124
1020 29155
1021 29029
1022 29174
1023 29334
1024 29179
1025 28754
1026 28706
1027 28727
1028 28190
1029 27370
1030 25283
1031 22714
1032 22712
1033 25300
1034 27659
1035 28377
1036 28612
1037 28883
1038 29125
1039 28688
1040 28884
1041 29218
1042 29294
1043 29087
1044 28873
1045 28671
1046 28241
1047 28339
1048 27871
1049 27857
1050 28379
1051 28121
1052 28872
1053 28686
1054 28979
1055 28895
1056 29139
1057 29092
1058 29275
1059 29291
1060 29381
1061 29085
1062 29356
1063 29365
1064 29236
1065 29269
1066 28819
1067 28914
1068 28711
1069 28758
1070 28101
1071 27972
1072 27300
1073 25947
1074 24629
1075 25144
1076 26251
1077 27702
1078 28332
1079 28531
1080 29005
1081 28738
1082 28653
1083 28924
1084 28588
1085 28474
1086 27951
1087 27205
1088 25726
1089 23250
1090 20160
1091 17766
1092 17440
1093 19331
1094 22719
1095 25439
1096 27264
1097 28384
1098 28571
1099 28998
1100 28842
1101 28878
1102 28769
1103 28617
1104 29109
1105 28907
1106 28862
1107 28844
1108 28699
1109 28474
1110 28414
1111 27517
1112 25546
1113 23409
1114 23246
1115 25426
1116 27659
1117 28706
1118 28970
1119 28918
1120 29134
1121 29215
1122 29148
1123 29143
1124 28855
1125 29083
1126 29034
1127 28832
1128 28842
1129 28637
1130 28737
1131 28792
1132 28820
1133 28687
1134 28437
1135 27897
1136 27320
1137 26077
1138 23070
1139 21370
1140 22477
1141 25308
1142 27275
1143 27930
1144 27861
1145 27681
1146 27458
1147 27040
1148 26266
1149 25431
1150 24764
1151 24732
1152 25399
1153 26237
1154 27037
1155 27859
1156 28290
1157 28549
1158 29009
1159 29047
1160 29145
1161 28992
1162 29154
1163 29159
1164 29079
1165 29150
1166 29108
1167 29225
1168 29265
1169 29265
1170 28972
1171 28688
1172 28739
1173 28423
1174 28436
1175 28338
1176 28508
1177 28855
1178 28612
1179 28974
1180 29089
1181 29060
1182 28959
1183 28808
1184 28692
1185 28418
1186 27827
1187 27946
1188 27906
1189 28588
1190 28765
1191 28819
1192 28564
1193 29390
1194 28814
1195 28664
1196 28789
1197 28614
1198 28594
1199 28383
1200 28666
1201 28542
1202 28101
1203 28070
1204 27830
1205 27316
1206 27308
1207 26524
1208 25399
1209 23966
1210 22374
1211 19626
1212 16675
1213 14587
1214 14136
1215 15561
1216 18402
1217 21284
1218 24166
1219 25785
1220 26800
1221 27381
1222 27766
1223 27977
1224 27978
1225 27709
1226 27774
1227 27705
1228 26890
1229 25014
1230 23195
1231 23652
1232 26112
1233 27654
1234 28163
1235 28361
1236 28556
1237 28336
1238 28065
1239 27800
1240 27438
1241 26849
1242 25897
1243 24018
1244 21433
1245 18593
1246 16697
1247 16862
1248 18879
1249 22007
1250 24536
1251 26030
1252 26960
1253 26738
1254 25380
1255 23015
1256 23269
1257 25520
1258 27405
1259 28045
1260 28663
1261 28747
1262 28912
1263 29059
1264 28813
1265 29048
1266 28804
1267 29033
1268 28907
1269 29236
1270 28784
1271 29273
1272 29114
1273 29094
1274 28754
1275 29113
1276 28651
1277 28271
1278 28058
1279 28133
1280 28341
1281 28323
1282 28708
1283 28754
1284 28832
1285 28539
1286 28296
1287 27726
1288 27516
1289 27734
1290 27886
1291 28454
1292 28576
1293 28847
1294 28784
1295 28817
1296 28947
1297 28920
1298 28967
1299 28818
1300 28248
1301 28738
1302 28527
1303 28643
1304 28702
1305 28388
1306 28160
1307 28000
1308 28122
1309 28377
1310 28482
1311 28451
1312 28728
1313 28813
1314 28683
1315 28808
1316 28995
1317 28752
1318 28855
1319 29174
1320 28909
1321 28834
1322 28873
1323 28464
1324 28753
1325 28924
1326 28958
1327 29052
1328 29004
1329 29128
1330 28997
1331 28969
1332 28588
1333 28787
1334 28302
1335 28311
1336 27734
1337 27751
1338 27465
1339 27751
1340 28223
1341 28364
1342 28443
1343 28714
1344 28668
1345 28716
1346 28875
1347 28496
1348 28658
1349 28202
1350 27906
1351 27971
1352 27671
1353 27659
1354 26704
1355 25361
1356 24319
1357 25379
1358 27119
1359 28147
1360 28629
1361 28698
1362 28571
1363 28778
1364 28829
1365 28661
1366 28792
1367 28848
1368 28698
1369 28734
1370 28717
1371 29171
1372 29025
1373 28687
1374 28772
1375 28606
1376 28302
1377 28417
1378 27935
1379 27108
1380 25158
1381 24126
1382 25642
1383 27532
1384 28408
1385 28883
1386 28945
1387 29219
1388 29013
1389 29084
1390 28765
1391 29084
1392 28722
1393 29002
1394 28933
1395 28965
1396 29120
1397 29164
1398 29045
1399 28964
1400 29075
1401 29259
1402 28973
1403 29193
1404 28997
1405 29273
1406 29023
1407 28795
1408 29057
1409 28939
1410 28672
1411 29003
1412 28799
1413 28900
1414 28909
1415 28973
1416 28687
1417 28955
1418 28860
1419 28919
1420 28984
1421 28407
1422 28354
1423 28171
1424 28295
1425 28494
1426 28512
1427 28583
1428 28576
1429 29082
1430 28912
1431 29082
1432 28968
1433 29048
1434 29113
1435 28965
1436 28949
1437 28684
1438 28576
1439 28667
1440 28597
1441 28788
1442 28873
1443 28872
1444 28982
1445 28843
1446 28772
1447 28949
1448 28672
1449 28691
1450 28878
1451 28552
1452 28582
1453 28424
1454 28052
1455 28042
1456 28172
1457 28353
1458 28667
1459 28677
1460 28772
1461 28932
1462 28729
1463 28978
1464 28819
1465 28904
1466 28904
1467 29025
1468 29005
1469 28817
1470 28652
1471 28514
1472 28467
1473 27921
1474 27891
1475 27501
1476 27995
1477 28312
1478 28759
1479 28459
1480 28666
1481 28588
1482 28839
1483 28970
1484 28532
1485 28474
1486 28103
1487 27814
1488 27062
1489 25509
1490 23715
1491 23535
1492 25464
1493 27105
1494 28095
1495 28551
1496 28499
1497 28353
1498 28671
1499 28123
1500 27872
1501 27199
1502 26948
1503 26704
1504 27015
1505 27188
1506 27722
1507 28138
1508 28354
1509 28486
1510 28517
1511 28112
1512 28170
1513 27669
1514 26348
1515 24984
1516 25429
1517 26732
1518 27891
1519 28536
1520 28559
1521 28837
1522 28789
1523 29084
1524 28533
1525 29028
1526 29043
1527 29131
1528 29085
1529 29112
