0 29810
1 32649
2 32354
3 32373
4 32401
5 32650
6 32589
7 32486
8 32410
9 32327
10 32059
11 31920
12 31637
13 32035
14 32098
15 32104
16 31954
17 31879
18 31686
19 31295
20 30991
21 30703
22 30411
23 29983
24 29037
25 27268
26 24610
27 21478
28 19071
29 18886
30 20752
31 24121
32 27494
33 29678
34 31210
35 31845
36 32125
37 32267
38 32214
39 32430
40 32404
41 32404
42 32087
43 32013
44 31867
45 31744
46 31821
47 32026
48 32379
49 32321
50 32396
51 32529
52 32502
53 32564
54 32468
55 32525
56 32322
57 32436
58 32514
59 32579
60 32487
61 32674
62 32474
63 32441
64 32647
65 32263
66 32328
67 32154
68 32231
69 32389
70 32413
71 32631
72 32578
73 32570
74 32463
75 32699
76 32480
77 32482
78 32559
79 32440
80 32334
81 32189
82 31825
83 31582
84 31738
85 32032
86 32211
87 32407
88 32287
89 32553
90 32485
91 32484
92 32215
93 32411
94 32276
95 32530
96 32461
97 32271
98 32259
99 32340
100 32238
101 32216
102 32050
103 32009
104 31578
105 31345
106 30834
107 30041
108 29152
109 28395
110 28829
111 29555
112 30344
113 30659
114 30739
115 30503
116 29991
117 29952
118 30438
119 31295
120 31684
121 31967
122 32303
123 32593
124 32705
125 32482
126 32420
127 32484
128 32446
129 32586
130 32600
131 32676
132 32629
133 32552
134 32591
135 32562
136 32476
137 31861
138 32082
139 31641
140 31232
141 30741
142 30656
143 30735
144 30935
145 31211
146 31438
147 31734
148 31936
149 31967
150 31913
151 32146
152 32250
153 32181
154 32255
155 32395
156 32630
157 32668
158 32757
159 32599
160 32620
161 32676
162 32612
163 32718
164 32605
165 32645
166 32594
167 32540
168 32480
169 32635
170 32670
171 32418
172 32562
173 32610
174 32537
175 32737
176 32644
177 32610
178 32609
179 32562
180 32635
181 32409
182 32266
183 32013
184 31658
185 31348
186 31268
187 30984
188 31093
189 31055
190 30675
191 29330
192 27531
193 25044
194 22691
195 22042
196 23592
197 26598
198 29229
199 30678
200 31485
201 31937
202 32238
203 32454
204 32689
205 32634
206 32652
207 32673
208 32643
209 32667
210 32730
211 32556
212 32765
213 32506
214 32487
215 32657
216 32477
217 32552
218 32477
219 32525
220 32315
221 32074
222 32069
223 31903
224 31878
225 31325
226 30797
227 29850
228 28759
229 28350
230 28752
231 29727
232 30834
233 31602
234 31785
235 31922
236 32035
237 31932
238 32157
239 32138
240 32217
241 32031
242 31892
243 31807
244 31550
245 31395
246 31281
247 31340
248 31150
249 30821
250 30373
251 30191
252 30860
253 31439
254 31836
255 31920
256 32102
257 32011
258 32082
259 31861
260 31668
261 31279
262 30588
263 29748
264 28726
265 28058
266 28180
267 28426
268 28790
269 29273
270 30015
271 30432
272 30222
273 29880
274 29930
275 30184
276 30665
277 31274
278 31948
279 31917
280 32189
281 32307
282 32116
283 32284
284 32145
285 32092
286 32074
287 31940
288 31975
289 32105
290 32149
291 32284
292 32247
293 32271
294 32268
295 32234
296 32282
297 32390
298 32436
299 32338
300 32480
301 32433
302 32314
303 32356
304 32284
305 32241
306 32394
307 32483
308 32438
309 32381
310 32447
311 32239
312 32209
313 32353
314 32050
315 32104
316 31828
317 31673
318 31871
319 31903
320 31990
321 31927
322 32159
323 32258
324 32592
325 32159
326 32381
327 32408
328 32142
329 32222
330 32318
331 32332
332 32336
333 32103
334 32170
335 31891
336 31615
337 31120
338 30652
339 30281
340 30132
341 30644
342 31001
343 30757
344 30607
345 30695
346 31146
347 31772
348 31950
349 31860
350 31868
351 31967
352 32013
353 31913
354 31853
355 31403
356 31256
357 30616
358 29684
359 28500
360 28058
361 29001
362 30381
363 31513
364 31710
365 32054
366 32088
367 32078
368 31971
369 32022
370 32201
371 32206
372 32047
373 31985
374 32029
375 32066
376 31789
377 31949
378 32142
379 32123
380 32102
381 32118
382 32169
383 32119
384 32058
385 32107
386 31964
387 32023
388 31907
389 31863
390 31684
391 31635
392 31551
393 31608
394 31308
395 31070
396 30428
397 29720
398 29260
399 28851
400 28720
401 27199
402 24636
403 22357
404 22617
405 25390
406 27824
407 28598
408 27717
409 25573
410 23703
411 24401
412 26781
413 27874
414 27746
415 28311
416 29431
417 30118
418 30557
419 30167
420 30027
421 29781
422 29362
423 28586
424 26915
425 23881
426 20928
427 20368
428 21687
429 21517
430 20215
431 19297
432 19868
433 21489
434 23691
435 24810
436 23739
437 22764
438 23858
439 26102
440 27302
441 26724
442 26264
443 26167
444 26548
445 26214
446 24592
447 22102
448 19202
449 17001
450 15154
451 14067
452 14428
453 17062
454 21087
455 24831
456 26866
457 27768
458 27744
459 27248
460 26389
461 26529
462 27795
463 29335
464 30473
465 31082
466 30983
467 31200
468 31066
469 31118
470 31061
471 30804
472 30717
473 30260
474 29359
475 28154
476 25637
477 23000
478 22636
479 25227
480 27756
481 28707
482 27981
483 25762
484 22788
485 21510
486 23891
487 27038
488 28466
489 28564
490 28773
491 28815
492 28947
493 29156
494 29577
495 30125
496 30371
497 30266
498 30335
499 30457
500 30511
501 30394
502 29782
503 28918
504 27506
505 26397
506 25654
507 25930
508 26030
509 25194
510 23158
511 22502
512 24871
513 28133
514 30048
515 30824
516 31003
517 31215
518 31005
519 30978
520 30713
521 30738
522 30224
523 29651
524 28618
525 26516
526 23467
527 21379
528 22533
529 25678
530 27290
531 26923
532 24704
533 22139
534 20369
535 20494
536 22861
537 25834
538 28115
539 29186
540 29851
541 30130
542 30426
543 30140
544 29939
545 29590
546 29226
547 29344
548 29670
549 29550
550 28925
551 26997
552 24569
553 23540
554 25494
555 28504
556 30206
557 30581
558 30941
559 31030
560 31312
561 31271
562 30981
563 30861
564 30660
565 30158
566 29211
567 28503
568 28577
569 29266
570 29950
571 30473
572 30400
573 30067
574 30109
575 29460
576 28141
577 25669
578 23489
579 24013
580 26944
581 29614
582 30555
583 30943
584 31377
585 31162
586 31204
587 31108
588 30887
589 30727
590 30558
591 30091
592 29496
593 28639
594 27107
595 24717
596 23127
597 23493
598 25000
599 26033
600 26316
601 25879
602 24279
603 22527
604 22054
605 23903
606 26057
607 27741
608 28952
609 29969
610 30759
611 31060
612 31273
613 31490
614 31649
615 31613
616 31290
617 31529
618 31493
619 31581
620 31451
621 31635
622 31316
623 31353
624 31195
625 31065
626 31226
627 31472
628 31421
629 31382
630 31459
631 31603
632 31346
633 31344
634 30934
635 30641
636 29793
637 28221
638 26423
639 26316
640 28049
641 30192
642 31108
643 31308
644 31497
645 31744
646 31528
647 31625
648 31619
649 31609
650 31627
651 31582
652 31510
653 31566
654 31503
655 31679
656 31451
657 31390
658 31148
659 31080
660 30756
661 30050
662 28861
663 28543
664 29371
665 30491
666 31137
667 31451
668 31280
669 31222
670 31253
671 31145
672 30887
673 30433
674 30084
675 30363
676 30665
677 31049
678 31145
679 31186
680 30883
681 30462
682 29857
683 29686
684 29914
685 30211
686 30655
687 31163
688 31355
689 31198
690 31211
691 31105
692 30935
693 30898
694 30710
695 30579
696 30224
697 30206
698 29893
699 29425
700 28373
701 26946
702 25021
703 22928
704 21640
705 22312
706 24764
707 27394
708 28858
709 29876
710 30121
711 30145
712 29479
713 29044
714 28411
715 27769
716 28152
717 29013
718 29753
719 30834
720 31041
721 31198
722 31273
723 31262
724 31326
725 31309
726 31159
727 31346
728 31130
729 31206
730 31289
731 31341
732 31396
733 31377
734 31376
735 31268
736 31128
737 31165
738 31357
739 31308
740 31193
741 31196
742 31155
743 31130
744 31231
745 31206
746 31096
747 30878
748 30755
749 30331
750 29680
751 29307
752 29743
753 30305
754 30556
755 30748
756 30953
757 31095
758 31063
759 31004
760 30925
761 30690
762 30677
763 30413
764 30431
765 29817
766 28938
767 27224
768 26032
769 26649
770 28540
771 29547
772 29888
773 29288
774 28743
775 28617
776 29340
777 30249
778 30850
779 30899
780 31046
781 31209
782 30896
783 30849
784 30910
785 30677
786 30472
787 30460
788 30431
789 31017
790 30986
791 31209
792 31237
793 31186
794 31249
795 31307
796 31430
797 31418
798 31395
799 31418
800 31222
801 31504
802 31300
803 31142
804 31116
805 31072
806 30844
807 30836
808 30682
809 30466
810 30133
811 29536
812 28477
813 27145
814 26409
815 27034
816 28414
817 29388
818 29841
819 29567
820 28618
821 26807
822 25234
823 25893
824 28005
825 29816
826 30546
827 30917
828 31060
829 31149
830 30967
831 31156
832 30985
833 31033
834 31171
835 31096
836 30922
837 30836
838 30582
839 30710
840 30813
841 30879
842 30820
843 30516
844 30416
845 30064
846 29389
847 28140
848 25946
849 23614
850 24190
851 27069
852 29262
853 30438
854 30542
855 30724
856 30622
857 30644
858 30175
859 29973
860 29941
861 30015
862 29928
863 30043
864 30014
865 29549
866 29357
867 28504
868 27339
869 25641
870 24397
871 23403
872 22348
873 21133
874 21116
875 22432
876 24525
877 26548
878 28244
879 29319
880 30028
881 30387
882 30830
883 30976
884 30986
885 30948
886 30951
887 30984
888 30810
889 30984
890 31053
891 31051
892 30862
893 30952
894 30906
895 30937
896 30979
897 30765
898 30943
899 30785
900 30623
901 30641
902 30631
903 30467
904 30459
905 30437
906 30182
907 30059
908 29998
909 29544
910 28733
911 27060
912 24597
913 22939
914 24404
915 27199
916 29147
917 29807
918 30234
919 29900
920 29946
921 29733
922 29590
923 28826
924 28238
925 27174
926 25349
927 23046
928 22359
929 23700
930 26102
931 27662
932 28141
933 28021
934 27478
935 27154
936 26776
937 25889
938 23546
939 21677
940 22746
941 26247
942 28693
943 29843
944 30080
945 30393
946 30536
947 30541
948 30392
949 30427
950 30423
951 30369
952 30442
953 30471
954 30648
955 30576
956 30737
957 30403
958 30628
959 30428
960 30734
961 30364
962 30382
963 30329
964 30284
965 30214
966 30180
967 29955
968 29539
969 28819
970 28532
971 28418
972 28792
973 29593
974 30052
975 30220
976 30253
977 30231
978 30566
979 30556
980 30715
981 30492
982 30429
983 30459
984 30504
985 30345
986 30321
987 30206
988 30109
989 29763
990 29488
991 29118
992 28249
993 27223
994 25531
995 24889
996 25926
997 27645
998 28907
999 29535
1000 29899
1001 30059
1002 30120
1003 30103
1004 30048
1005 30117
1006 29663
1007 29669
1008 29024
1009 28275
1010 26737
1011 24047
1012 22061
1013 23217
1014 26344
1015 28585
1016 29683
1017 30160
1018 30394
1019 30317
1020 30362
1021 30459
1022 30511
1023 30579
1024 30473
1025 30302
1026 30394
1027 30501
1028 30262
1029 30168
1030 30189
1031 29917
1032 29788
1033 29318
1034 28770
1035 27943
1036 25732
1037 22542
1038 21106
1039 23249
1040 26818
1041 28696
1042 29374
1043 29745
1044 29902
1045 29946
1046 30072
1047 30028
1048 30218
1049 30042
1050 29763
1051 29613
1052 29526
1053 29186
1054 28765
1055 28868
1056 28772
1057 29235
1058 29820
1059 29828
1060 29998
1061 30119
1062 30193
1063 30193
1064 30301
1065 30224
1066 30217
1067 30111
1068 30269
1069 30090
1070 30194
1071 30070
1072 29914
1073 29739
1074 29559
1075 29116
1076 28718
1077 28220
1078 27117
1079 25229
1080 23236
1081 22766
1082 24338
1083 26759
1084 28451
1085 29016
1086 29508
1087 29422
1088 29621
1089 29490
1090 29512
1091 29323
1092 29087
1093 28265
1094 27109
1095 25232
1096 22265
1097 19694
1098 18378
1099 19328
1100 22276
1101 25532
1102 27582
1103 29096
1104 29528
1105 29792
1106 29718
1107 29800
1108 29763
1109 29688
1110 29605
1111 29653
1112 29626
1113 29605
1114 29292
1115 28990
1116 28456
1117 27349
1118 25611
1119 22944
1120 21610
1121 23553
1122 26588
1123 28747
1124 29529
1125 29719
1126 29885
1127 29973
1128 30079
1129 29917
1130 29896
1131 29878
1132 29797
1133 29821
1134 29748
1135 29615
1136 29634
1137 29505
1138 29328
1139 29046
1140 28798
1141 28276
1142 27419
1143 25644
1144 22920
1145 20122
1146 20034
1147 23206
1148 26267
1149 27906
1150 28416
1151 28525
1152 28225
1153 27785
1154 27328
1155 26603
1156 25891
1157 25618
1158 25723
1159 26695
1160 27566
1161 28465
1162 29039
1163 29385
1164 29793
1165 29902
1166 29805
1167 29993
1168 30033
1169 29923
1170 29932
1171 29919
1172 29975
1173 30042
1174 29910
1175 29990
1176 29779
1177 29862
1178 29687
1179 29455
1180 29350
1181 29166
1182 29170
1183 29324
1184 29691
1185 29765
1186 29861
1187 29987
1188 30120
1189 29662
1190 29637
1191 29318
1192 29044
1193 28906
1194 28987
1195 29352
1196 29605
1197 29768
1198 29920
1199 29894
1200 29972
1201 29891
1202 29700
1203 29549
1204 29510
1205 29364
1206 29477
1207 29230
1208 29105
1209 28960
1210 28521
1211 28467
1212 27911
1213 27410
1214 26565
1215 25358
1216 23540
1217 21354
1218 18644
1219 16036
1220 14943
1221 15597
1222 18222
1223 21308
1224 24082
1225 26187
1226 27503
1227 28056
1228 28363
1229 28550
1230 28583
1231 28500
1232 28272
1233 27947
1234 26838
1235 24890
1236 22475
1237 22169
1238 24316
1239 27110
1240 28549
1241 28996
1242 29072
1243 28890
1244 28915
1245 28433
1246 28289
1247 27622
1248 26842
1249 25190
1250 23079
1251 20262
1252 18001
1253 17406
1254 18559
1255 21418
1256 24122
1257 25860
1258 26699
1259 26566
1260 24769
1261 22471
1262 21337
1263 23550
1264 26582
1265 28292
1266 28850
1267 29302
1268 29465
1269 29457
1270 29475
1271 29314
1272 29396
1273 29486
1274 29483
1275 29453
1276 29495
1277 29405
1278 29483
1279 29718
1280 29307
1281 29382
1282 29268
1283 28967
1284 28696
1285 28792
1286 28843
1287 29266
1288 29324
1289 29365
1290 29345
1291 29197
1292 28950
1293 28420
1294 28245
1295 28460
1296 28731
1297 28977
1298 29269
1299 29480
1300 29628
1301 29706
1302 29553
1303 29527
1304 29576
1305 29423
1306 29383
1307 29326
1308 29360
1309 29168
1310 29095
1311 28811
1312 28724
1313 28660
1314 28630
1315 28457
1316 28522
1317 28759
1318 28945
1319 29100
1320 29366
1321 29432
1322 29308
1323 29253
1324 29294
1325 29321
1326 29238
1327 29311
1328 29243
1329 29069
1330 29001
1331 29245
1332 29284
1333 29253
1334 29221
1335 29057
1336 28967
1337 29068
1338 28916
1339 28641
1340 28521
1341 28155
1342 27380
1343 27000
1344 27187
1345 27509
1346 28110
1347 28482
1348 28452
1349 28827
1350 28700
1351 28685
1352 28651
1353 28641
1354 28370
1355 28420
1356 28092
1357 28079
1358 27644
1359 27389
1360 26365
1361 24291
1362 22693
1363 23579
1364 25846
1365 27928
1366 28709
1367 28780
1368 28835
1369 29008
1370 29000
1371 28875
1372 28981
1373 28865
1374 28949
1375 28873
1376 28816
1377 28772
1378 28686
1379 28648
1380 28616
1381 28344
1382 28270
1383 27919
1384 27581
1385 26117
1386 23912
1387 22302
1388 23252
1389 25848
1390 27863
1391 28422
1392 28769
1393 28666
1394 28916
1395 28719
1396 28815
1397 28828
1398 29094
1399 28851
1400 28895
1401 28789
1402 28882
1403 28805
1404 28805
1405 28945
1406 28949
1407 28914
1408 29042
1409 28802
1410 29035
1411 29018
1412 28934
1413 28785
1414 29018
1415 28678
1416 28731
1417 28591
1418 28634
1419 28558
1420 28670
1421 28694
1422 28583
1423 28673
1424 28661
1425 28836
1426 28640
1427 28632
1428 28369
1429 28137
1430 28168
1431 28118
1432 28294
1433 28549
1434 28475
1435 28719
1436 28766
1437 28884
1438 28748
1439 28994
1440 28914
1441 28762
1442 28708
1443 28581
1444 28465
1445 28463
1446 28438
1447 28422
1448 28500
1449 28552
1450 28696
1451 28683
1452 28675
1453 28807
1454 28741
1455 28701
1456 28532
1457 28461
1458 28192
1459 28214
1460 28062
1461 27788
1462 27828
1463 27945
1464 28288
1465 28402
1466 28484
1467 28503
1468 28429
1469 28594
1470 28403
1471 28483
1472 28551
1473 28349
1474 28453
1475 28305
1476 28321
1477 28122
1478 27581
1479 27188
1480 26369
1481 26197
1482 26559
1483 27367
1484 27906
1485 28162
1486 28358
1487 28373
1488 28287
1489 28214
1490 28051
1491 27841
1492 27703
1493 27160
1494 26277
1495 24645
1496 22491
1497 22036
1498 23687
1499 26045
1500 27315
1501 27935
1502 28042
1503 28305
1504 27931
1505 27731
1506 27491
1507 27030
1508 26543
1509 26345
1510 26401
1511 26897
1512 27101
1513 27544
1514 27709
1515 27722
1516 27700
1517 27464
1518 27320
1519 26507
1520 24819
1521 23369
1522 23398
1523 25165
1524 27067
1525 27904
1526 28174
1527 28350
1528 28426
1529 28693
