0 30368
1 32765
2 31760
3 30983
4 31208
5 31872
6 31929
7 32270
8 32142
9 32463
10 32291
11 32112
12 31762
13 31493
14 31214
15 31409
16 31677
17 31564
18 31738
19 31987
20 31508
21 31382
22 30856
23 30416
24 30015
25 29933
26 29607
27 28763
28 26972
29 24345
30 21325
31 18872
32 18455
33 20534
34 23814
35 26916
36 29345
37 30784
38 31297
39 31658
40 32051
41 32053
42 32024
43 31915
44 31772
45 31750
46 31625
47 31452
48 31600
49 31353
50 31691
51 31805
52 32104
53 32243
54 32217
55 32180
56 32291
57 32200
58 32014
59 32246
60 32169
61 32119
62 32243
63 32290
64 32279
65 32168
66 32286
67 32277
68 32280
69 32143
70 31896
71 31866
72 32073
73 31931
74 32308
75 32296
76 32189
77 32163
78 32048
79 32043
80 32190
81 31993
82 31939
83 31764
84 31467
85 31249
86 31021
87 31157
88 31310
89 31879
90 32023
91 32100
92 32094
93 32058
94 32005
95 32001
96 32147
97 32021
98 31949
99 31999
100 31740
101 31971
102 31863
103 31807
104 31562
105 31445
106 31390
107 31170
108 30812
109 30100
110 29062
111 27706
112 26719
113 27270
114 28583
115 29492
116 30192
117 30147
118 29903
119 29192
120 28756
121 29313
122 30153
123 30833
124 31568
125 31678
126 31880
127 32251
128 32181
129 32113
130 32293
131 32155
132 32083
133 32084
134 32080
135 32170
136 32132
137 32292
138 32133
139 31850
140 31803
141 31640
142 30961
143 30503
144 29871
145 29576
146 30014
147 30158
148 30255
149 30639
150 31179
151 31351
152 31415
153 31769
154 31761
155 31826
156 31900
157 31988
158 31846
159 32234
160 32232
161 32471
162 32265
163 32144
164 32299
165 32210
166 32435
167 32456
168 32408
169 32416
170 32208
171 32049
172 32236
173 32202
174 32267
175 32119
176 32262
177 32213
178 32225
179 32407
180 32223
181 32101
182 32055
183 32122
184 32144
185 32066
186 31590
187 31298
188 30884
189 31015
190 30796
191 30864
192 30592
193 30229
194 29017
195 27146
196 24327
197 22028
198 21112
199 22911
200 25921
201 28357
202 30044
203 30820
204 31322
205 31613
206 32005
207 32291
208 32097
209 32550
210 32277
211 32311
212 32367
213 32487
214 32233
215 32283
216 32251
217 32041
218 32058
219 31986
220 32237
221 32167
222 32163
223 32053
224 31917
225 31445
226 31296
227 31311
228 31046
229 30399
230 29771
231 28386
232 27861
233 28368
234 29396
235 30472
236 31579
237 31599
238 31595
239 31607
240 31625
241 31511
242 31733
243 31785
244 31467
245 31585
246 31170
247 31080
248 30957
249 30693
250 30586
251 30274
252 29751
253 29212
254 29177
255 29983
256 30748
257 31296
258 31382
259 31307
260 31468
261 31251
262 31036
263 30886
264 30148
265 29862
266 28435
267 26796
268 26266
269 26625
270 26738
271 27148
272 28075
273 29022
274 29344
275 29132
276 28892
277 28745
278 29256
279 29820
280 30370
281 31384
282 31439
283 31545
284 31548
285 31407
286 31331
287 31539
288 31757
289 31579
290 31565
291 31628
292 31408
293 31521
294 31591
295 31490
296 31578
297 31522
298 31762
299 31650
300 31950
301 31895
302 31783
303 31802
304 31988
305 31857
306 31908
307 31987
308 31949
309 31949
310 31858
311 31980
312 31825
313 31822
314 31640
315 31469
316 31670
317 31438
318 31486
319 31306
320 31371
321 31498
322 31474
323 31583
324 31451
325 31781
326 31925
327 31727
328 31712
329 31878
330 31755
331 31626
332 31684
333 31607
334 31687
335 31436
336 31597
337 31333
338 31242
339 31005
340 30377
341 29786
342 29431
343 29309
344 29596
345 29941
346 29458
347 29380
348 29631
349 30156
350 30956
351 31204
352 31093
353 31143
354 30903
355 31002
356 30876
357 30834
358 30553
359 30243
360 29490
361 28070
362 26682
363 26382
364 27459
365 29322
366 30506
367 30960
368 31208
369 31095
370 31343
371 31313
372 31196
373 31331
374 31330
375 31200
376 31254
377 31187
378 31032
379 31017
380 31248
381 31386
382 31232
383 31128
384 31071
385 31323
386 31345
387 31031
388 31232
389 30985
390 31148
391 31017
392 30793
393 30636
394 30823
395 30677
396 30664
397 30291
398 30055
399 29323
400 28268
401 27325
402 27373
403 26978
404 25282
405 22178
406 19768
407 20398
408 23186
409 26237
410 26816
411 25949
412 23325
413 21307
414 22193
415 25184
416 26158
417 25793
418 26559
419 28221
420 29172
421 29371
422 29115
423 28801
424 28466
425 27800
426 26769
427 25115
428 21637
429 18407
430 17927
431 19202
432 18905
433 17152
434 16222
435 16828
436 18723
437 21432
438 22259
439 21202
440 20196
441 21702
442 24191
443 25282
444 24464
445 23904
446 24208
447 24371
448 23962
449 22115
450 19081
451 15811
452 13628
453 12151
454 11282
455 11960
456 14818
457 19239
458 23032
459 25362
460 25787
461 25968
462 25483
463 24324
464 24107
465 26062
466 28144
467 29201
468 29637
469 29810
470 30064
471 30087
472 29890
473 29787
474 29545
475 29189
476 28710
477 27765
478 26243
479 23714
480 20311
481 20293
482 23211
483 26085
484 26962
485 26089
486 23636
487 20279
488 19061
489 21675
490 25394
491 27161
492 26939
493 27084
494 27603
495 27844
496 28109
497 28407
498 28819
499 29123
500 28917
501 29109
502 29326
503 29306
504 29341
505 28685
506 27658
507 26258
508 25318
509 24596
510 24248
511 24543
512 23379
513 20720
514 20127
515 22825
516 26677
517 28622
518 29347
519 29847
520 29760
521 29788
522 29671
523 29452
524 29272
525 28818
526 27921
527 26890
528 24407
529 21050
530 18687
531 20334
532 23808
533 26064
534 25656
535 23953
536 21146
537 19464
538 19780
539 21922
540 24817
541 26964
542 28005
543 28586
544 28803
545 28762
546 28738
547 28432
548 27622
549 27456
550 27448
551 28038
552 27690
553 26852
554 24997
555 22006
556 20947
557 23430
558 26831
559 28964
560 29348
561 29712
562 29810
563 29741
564 29901
565 29552
566 29527
567 29009
568 28315
569 27002
570 26156
571 26334
572 27344
573 28549
574 28743
575 28787
576 28512
577 28304
578 27540
579 26069
580 22985
581 20880
582 21832
583 25174
584 27981
585 29152
586 29501
587 29784
588 29866
589 29545
590 29490
591 29317
592 29171
593 28914
594 28444
595 27662
596 26361
597 24769
598 21859
599 20083
600 20741
601 22646
602 24110
603 24373
604 23947
605 22004
606 19918
607 19605
608 21875
609 24404
610 26267
611 27773
612 28673
613 29581
614 29878
615 30004
616 29911
617 30039
618 30539
619 30231
620 30021
621 30259
622 30135
623 30323
624 30143
625 30044
626 29865
627 29822
628 29701
629 29727
630 30046
631 30203
632 30092
633 30207
634 30162
635 29999
636 30019
637 29610
638 28905
639 28070
640 26174
641 23906
642 24045
643 26475
644 28772
645 29677
646 30076
647 30268
648 30351
649 30386
650 30569
651 30425
652 30566
653 30505
654 30349
655 30515
656 30693
657 30371
658 30513
659 30370
660 30370
661 30072
662 29680
663 29155
664 28286
665 27286
666 26815
667 28015
668 29383
669 29925
670 30278
671 30126
672 30318
673 30229
674 29767
675 29758
676 29044
677 28651
678 28973
679 29718
680 30165
681 30090
682 30252
683 30036
684 29487
685 28997
686 28971
687 28948
688 29230
689 29838
690 30195
691 30324
692 30185
693 30274
694 30002
695 30055
696 29764
697 29654
698 29466
699 29200
700 28887
701 28593
702 27766
703 26642
704 24654
705 22067
706 19785
707 18826
708 19804
709 22934
710 26000
711 27789
712 28704
713 29242
714 28807
715 28673
716 28055
717 27512
718 27214
719 27440
720 28161
721 29214
722 29840
723 30103
724 30388
725 30571
726 30550
727 30533
728 30308
729 30366
730 30409
731 30644
732 30694
733 30466
734 30605
735 30524
736 30430
737 30600
738 30532
739 30666
740 30446
741 30605
742 30490
743 30283
744 30397
745 30530
746 30399
747 30606
748 30312
749 30262
750 29824
751 29620
752 29149
753 28399
754 28213
755 28415
756 29205
757 29611
758 30103
759 30249
760 30322
761 30139
762 30089
763 30005
764 29909
765 29782
766 29442
767 29130
768 28558
769 27412
770 25222
771 23969
772 24722
773 27013
774 28506
775 28766
776 27944
777 26910
778 27012
779 27729
780 29005
781 29590
782 29876
783 30090
784 30256
785 30069
786 29818
787 29979
788 29842
789 29560
790 29668
791 30023
792 30001
793 30209
794 30319
795 30636
796 30469
797 30661
798 30417
799 30466
800 30151
801 30314
802 30243
803 30197
804 29899
805 30153
806 29895
807 30021
808 30048
809 29774
810 29517
811 29575
812 29287
813 28557
814 27987
815 26440
816 24744
817 23950
818 24926
819 26851
820 28074
821 28152
822 27989
823 26696
824 24574
825 22821
826 24100
827 26635
828 28648
829 29362
830 29611
831 29630
832 29652
833 30022
834 30075
835 29876
836 29801
837 30026
838 29903
839 29674
840 29730
841 29603
842 29597
843 29394
844 29551
845 29465
846 29517
847 29050
848 28666
849 27844
850 26095
851 23483
852 21010
853 21967
854 25378
855 27730
856 28802
857 29349
858 29474
859 29540
860 29303
861 29116
862 29037
863 28623
864 28743
865 28643
866 28732
867 28637
868 28509
869 27885
870 26891
871 25246
872 23414
873 22391
874 21788
875 21003
876 20064
877 20266
878 21645
879 23648
880 25541
881 27085
882 28411
883 29159
884 29217
885 29764
886 29665
887 29709
888 29702
889 29798
890 29903
891 29739
892 29729
893 29756
894 29857
895 29859
896 29881
897 29843
898 29804
899 29623
900 29455
901 29461
902 29261
903 29356
904 29265
905 29412
906 29152
907 29110
908 28976
909 29182
910 28658
911 28072
912 27858
913 26627
914 24929
915 21562
916 20281
917 22408
918 25739
919 27902
920 28284
921 28451
922 28587
923 28432
924 27888
925 27817
926 27080
927 26279
928 24781
929 22367
930 19879
931 19293
932 21245
933 24214
934 25786
935 26388
936 26345
937 26151
938 25558
939 24874
940 23523
941 21072
942 19097
943 20692
944 24698
945 27368
946 28361
947 28874
948 29003
949 29171
950 29019
951 29249
952 29187
953 29127
954 29206
955 29258
956 29118
957 29335
958 29274
959 29387
960 29295
961 29346
962 29259
963 29149
964 29087
965 28965
966 29117
967 29241
968 28864
969 28781
970 28556
971 28219
972 27785
973 27360
974 27284
975 27579
976 28054
977 28506
978 29032
979 29163
980 29215
981 29230
982 29158
983 29108
984 29250
985 29211
986 28969
987 28812
988 29003
989 28898
990 28798
991 28492
992 28108
993 27755
994 27167
995 26263
996 24662
997 23088
998 22334
999 23673
1000 25844
1001 27176
1002 27962
1003 28263
1004 28629
1005 28641
1006 28914
1007 28556
1008 28365
1009 28160
1010 27954
1011 27411
1012 26381
1013 24617
1014 21485
1015 19591
1016 21253
1017 24890
1018 27239
1019 28324
1020 28590
1021 29080
1022 29146
1023 29103
1024 29098
1025 29276
1026 29099
1027 29226
1028 29086
1029 28946
1030 29035
1031 28834
1032 28787
1033 28483
1034 28438
1035 27974
1036 27355
1037 26661
1038 25764
1039 23146
1040 19690
1041 18842
1042 21519
1043 25069
1044 27142
1045 27882
1046 28122
1047 28370
1048 28621
1049 28661
1050 28769
1051 28727
1052 28722
1053 28625
1054 28457
1055 28051
1056 27981
1057 27430
1058 27431
1059 27565
1060 28074
1061 28198
1062 28455
1063 28784
1064 28643
1065 28976
1066 28735
1067 28948
1068 28868
1069 29038
1070 28752
1071 28843
1072 28814
1073 28698
1074 28146
1075 28232
1076 28166
1077 27760
1078 27523
1079 27062
1080 26050
1081 24718
1082 22383
1083 20392
1084 19942
1085 22092
1086 24908
1087 26645
1088 27415
1089 28013
1090 27987
1091 28293
1092 28119
1093 27985
1094 27962
1095 27581
1096 26831
1097 25753
1098 23761
1099 20995
1100 18703
1101 17613
1102 18747
1103 21413
1104 24466
1105 26428
1106 27708
1107 28113
1108 28317
1109 28166
1110 28203
1111 28126
1112 28246
1113 28215
1114 28064
1115 27937
1116 27740
1117 27690
1118 27243
1119 26390
1120 25010
1121 23123
1122 20104
1123 19235
1124 21509
1125 24858
1126 27070
1127 27937
1128 28322
1129 28487
1130 28352
1131 28494
1132 28531
1133 28515
1134 28299
1135 28378
1136 28351
1137 28250
1138 28070
1139 27931
1140 27706
1141 27748
1142 27414
1143 26837
1144 26490
1145 25395
1146 23273
1147 20144
1148 17195
1149 17745
1150 21400
1151 24672
1152 26318
1153 26679
1154 26778
1155 26801
1156 26389
1157 25898
1158 25068
1159 24508
1160 24323
1161 24778
1162 25490
1163 26444
1164 27197
1165 27710
1166 27895
1167 28317
1168 28378
1169 28508
1170 28368
1171 28454
1172 28536
1173 28178
1174 28412
1175 28441
1176 28483
1177 28303
1178 28458
1179 28385
1180 28203
1181 28175
1182 28030
1183 27700
1184 27481
1185 27685
1186 28121
1187 28154
1188 28316
1189 28427
1190 28232
1191 28168
1192 28100
1193 27989
1194 27756
1195 27427
1196 27265
1197 27473
1198 27627
1199 28160
1200 28192
1201 28312
1202 28089
1203 28141
1204 28147
1205 27890
1206 28156
1207 27900
1208 27765
1209 28011
1210 27696
1211 27587
1212 27365
1213 26974
1214 26685
1215 26301
1216 25696
1217 24821
1218 23626
1219 22272
1220 19769
1221 17209
1222 15178
1223 14215
1224 14950
1225 17678
1226 20509
1227 22389
1228 24636
1229 25731
1230 26386
1231 26570
1232 26770
1233 26722
1234 26436
1235 26122
1236 25657
1237 24543
1238 22225
1239 19931
1240 19808
1241 22609
1242 25377
1243 26640
1244 27024
1245 27086
1246 27217
1247 27085
1248 26926
1249 26493
1250 25770
1251 24961
1252 23436
1253 21411
1254 18734
1255 16880
1256 16296
1257 17818
1258 20430
1259 22819
1260 24274
1261 24815
1262 24247
1263 22081
1264 19656
1265 19059
1266 21832
1267 24897
1268 26572
1269 27040
1270 27452
1271 27445
1272 27642
1273 27520
1274 27445
1275 27401
1276 27638
1277 27773
1278 27789
1279 27636
1280 27804
1281 27965
1282 27421
1283 27841
1284 27499
1285 27379
1286 27048
1287 27079
1288 27132
1289 27138
1290 27408
1291 27699
1292 27510
1293 27724
1294 27385
1295 27344
1296 26957
1297 26611
1298 26876
1299 26927
1300 27316
1301 27594
1302 27820
1303 27829
1304 27872
1305 27698
1306 27864
1307 27757
1308 27670
1309 27595
1310 27500
1311 27727
1312 27400
1313 27399
1314 27408
1315 26849
1316 26858
1317 26864
1318 26763
1319 26892
1320 27187
1321 27474
1322 27473
1323 27563
1324 27554
1325 27624
1326 27475
1327 27736
1328 27675
1329 27461
1330 27689
1331 27619
1332 27440
1333 27551
1334 27487
1335 27493
1336 27473
1337 27390
1338 27370
1339 27388
1340 27235
1341 27093
1342 26896
1343 26396
1344 26072
1345 25232
1346 24950
1347 25022
1348 25625
1349 26313
1350 26623
1351 26831
1352 26970
1353 27192
1354 27155
1355 26914
1356 26937
1357 26818
1358 26588
1359 26507
1360 26002
1361 25814
1362 25092
1363 24011
1364 21574
1365 20002
1366 21477
1367 24207
1368 26215
1369 27090
1370 27167
1371 27085
1372 27422
1373 27215
1374 27160
1375 27571
1376 27282
1377 27072
1378 27242
1379 27273
1380 27025
1381 26997
1382 26958
1383 26892
1384 26596
1385 26316
1386 25934
1387 25285
1388 23688
1389 21171
1390 19707
1391 21348
1392 24444
1393 25915
1394 26889
1395 27089
1396 27372
1397 27313
1398 27267
1399 27329
1400 27291
1401 27281
1402 27368
1403 27306
1404 27371
1405 27314
1406 27391
1407 27379
1408 27266
1409 27257
1410 27421
1411 27232
1412 27208
1413 27334
1414 27001
1415 27323
1416 27310
1417 27347
1418 27017
1419 27173
1420 27155
1421 26849
1422 26828
1423 27245
1424 26996
1425 27185
1426 27082
1427 27151
1428 27201
1429 27261
1430 27097
1431 26706
1432 26493
1433 26402
1434 26472
1435 26784
1436 26886
1437 27169
1438 27204
1439 27246
1440 27161
1441 27069
1442 27202
1443 27214
1444 27253
1445 27049
1446 27089
1447 26681
1448 26614
1449 26800
1450 26628
1451 26926
1452 26988
1453 26880
1454 26981
1455 27134
1456 27047
1457 27104
1458 26948
1459 26729
1460 26862
1461 26467
1462 26341
1463 26393
1464 26403
1465 26175
1466 26444
1467 26616
1468 26786
1469 26911
1470 26795
1471 26889
1472 26877
1473 26715
1474 26835
1475 26624
1476 26888
1477 26645
1478 26735
1479 26391
1480 26150
1481 25498
1482 24661
1483 24059
1484 23808
1485 24660
1486 25591
1487 26014
1488 26463
1489 26589
1490 26385
1491 26237
1492 26473
1493 26197
1494 26027
1495 25977
1496 25188
1497 24053
1498 22185
1499 20081
1500 19996
1501 21977
1502 24197
1503 25554
1504 26093
1505 26333
1506 26201
1507 26110
1508 25908
1509 25672
1510 25153
1511 24741
1512 24699
1513 24691
1514 25015
1515 25483
1516 25733
1517 25783
1518 25794
1519 25678
1520 25398
1521 25045
1522 24056
1523 22404
1524 20685
1525 21346
1526 23437
1527 25499
1528 26245
1529 26629
