0 30340
1 32766
2 31948
3 31325
4 30919
5 31063
6 31440
7 31781
8 31808
9 31911
10 31954
11 31947
12 31720
13 31716
14 31397
15 30987
16 31070
17 31244
18 31413
19 31633
20 31530
21 31257
22 31010
23 30687
24 30056
25 29775
26 29513
27 29400
28 28252
29 26641
30 23957
31 20882
32 18720
33 18420
34 20639
35 24004
36 27228
37 29358
38 30568
39 31251
40 31553
41 31555
42 31838
43 31788
44 31533
45 31652
46 31323
47 31226
48 30980
49 30993
50 31218
51 31336
52 31497
53 31598
54 31967
55 31861
56 31861
57 31896
58 31715
59 31639
60 31769
61 31739
62 31739
63 31635
64 31739
65 31873
66 31902
67 31683
68 31754
69 31689
70 31515
71 31364
72 31434
73 31606
74 31604
75 31759
76 31770
77 31792
78 31825
79 31618
80 31643
81 31483
82 31674
83 31581
84 31214
85 31320
86 30848
87 30462
88 30705
89 30952
90 31301
91 31554
92 31757
93 31594
94 31460
95 31582
96 31571
97 31414
98 31570
99 31619
100 31423
101 31443
102 31401
103 31436
104 31428
105 31205
106 31053
107 31021
108 30631
109 30287
110 29734
111 29017
112 27803
113 27106
114 27586
115 28645
116 29490
117 29841
118 29829
119 29563
120 28844
121 28738
122 29266
123 30028
124 30622
125 31034
126 31340
127 31451
128 31555
129 31613
130 31662
131 31656
132 31543
133 31516
134 31457
135 31595
136 31608
137 31611
138 31499
139 31388
140 31204
141 31187
142 30825
143 30476
144 30066
145 29486
146 29567
147 29666
148 29915
149 30179
150 30589
151 30801
152 30707
153 30840
154 30983
155 30947
156 31199
157 31177
158 31148
159 31444
160 31540
161 31644
162 31582
163 31611
164 31527
165 31567
166 31640
167 31710
168 31605
169 31635
170 31551
171 31364
172 31560
173 31314
174 31455
175 31584
176 31495
177 31583
178 31647
179 31683
180 31513
181 31456
182 31503
183 31518
184 31405
185 31345
186 31210
187 30971
188 30776
189 30413
190 30321
191 30267
192 30287
193 30069
194 29489
195 28379
196 26503
197 24026
198 21840
199 21281
200 22871
201 25984
202 28418
203 29773
204 30326
205 30924
206 31385
207 31625
208 31732
209 31839
210 31870
211 31714
212 31738
213 32004
214 31752
215 31682
216 31773
217 31723
218 31498
219 31624
220 31665
221 31550
222 31579
223 31402
224 31536
225 30977
226 31297
227 31018
228 30799
229 30488
230 29910
231 28960
232 27955
233 27392
234 27973
235 29085
236 30196
237 30716
238 30873
239 30927
240 31000
241 30989
242 31145
243 31064
244 31214
245 31122
246 30957
247 30629
248 30558
249 30387
250 30349
251 30272
252 30083
253 29564
254 28998
255 29315
256 29842
257 30433
258 30586
259 30830
260 30834
261 30920
262 30907
263 30571
264 30264
265 29855
266 29171
267 28242
268 26992
269 26549
270 26629
271 27078
272 27234
273 28010
274 28932
275 29110
276 28930
277 28707
278 28709
279 29127
280 29673
281 30165
282 30864
283 31079
284 31133
285 31108
286 31054
287 30932
288 31058
289 30905
290 31014
291 31094
292 30959
293 31077
294 30980
295 31048
296 31100
297 31049
298 31034
299 31063
300 31348
301 31398
302 31349
303 31401
304 31524
305 31216
306 31326
307 31332
308 31264
309 31333
310 31398
311 31255
312 31224
313 31386
314 31098
315 31143
316 31148
317 31061
318 30956
319 30872
320 30657
321 30740
322 30835
323 31028
324 31067
325 31071
326 31161
327 31134
328 31414
329 31218
330 31285
331 31239
332 31275
333 31247
334 31267
335 31145
336 31118
337 31104
338 30851
339 30716
340 30379
341 29927
342 29510
343 28998
344 28925
345 29368
346 29638
347 29484
348 29177
349 29375
350 30113
351 30479
352 30799
353 30928
354 30824
355 30645
356 30740
357 30541
358 30546
359 30103
360 29900
361 29263
362 28138
363 26965
364 26549
365 28041
366 29449
367 30384
368 30662
369 30913
370 30987
371 30966
372 31148
373 30975
374 31084
375 31010
376 31050
377 30745
378 30702
379 30699
380 30923
381 30826
382 30961
383 30678
384 30862
385 30864
386 31034
387 30886
388 30885
389 30906
390 30699
391 30871
392 30656
393 30639
394 30486
395 30575
396 30416
397 30261
398 30141
399 29707
400 29180
401 28225
402 27597
403 27326
404 27030
405 25384
406 22635
407 20651
408 21419
409 24287
410 26662
411 27020
412 26055
413 23567
414 21928
415 23352
416 25521
417 26326
418 26262
419 27088
420 28361
421 28995
422 28995
423 28965
424 28650
425 28193
426 27628
427 26876
428 24994
429 21804
430 19007
431 18982
432 20216
433 19720
434 18163
435 17446
436 18187
437 20178
438 22312
439 23129
440 21971
441 21112
442 22855
443 24889
444 25691
445 25128
446 24467
447 24767
448 24968
449 24184
450 22335
451 19515
452 16789
453 14770
454 13174
455 12434
456 13289
457 16309
458 20446
459 23784
460 25783
461 26293
462 26363
463 25626
464 24937
465 25112
466 26716
467 28736
468 29490
469 29775
470 29833
471 30068
472 29974
473 29877
474 29660
475 29403
476 29189
477 28659
478 27932
479 26490
480 23694
481 21202
482 21437
483 24403
484 26629
485 27071
486 26215
487 23783
488 20877
489 20180
490 22990
491 26235
492 27343
493 27355
494 27568
495 27669
496 27891
497 28167
498 28401
499 29013
500 29292
501 29197
502 29101
503 29386
504 29331
505 29150
506 28605
507 27506
508 26389
509 25191
510 24515
511 24627
512 24781
513 23492
514 21287
515 21213
516 24134
517 27413
518 29028
519 29742
520 29740
521 29960
522 29873
523 29693
524 29555
525 29215
526 28748
527 28196
528 27005
529 24848
530 21550
531 19745
532 21619
533 24885
534 26280
535 25686
536 23598
537 21156
538 19457
539 19937
540 22173
541 25004
542 27241
543 28255
544 28497
545 28801
546 28982
547 28898
548 28441
549 28085
550 27884
551 28006
552 28173
553 28062
554 27178
555 25138
556 22614
557 22086
558 24493
559 27713
560 29101
561 29668
562 29824
563 29824
564 29834
565 29678
566 29797
567 29413
568 29216
569 28400
570 27670
571 26695
572 27041
573 27823
574 28870
575 28908
576 28821
577 28592
578 28340
579 27463
580 26083
581 23573
582 21651
583 23012
584 26180
585 28362
586 29374
587 29640
588 29703
589 29715
590 29608
591 29492
592 29116
593 29162
594 28981
595 28367
596 27785
597 26719
598 24764
599 22378
600 21062
601 21984
602 23415
603 24496
604 24536
605 23961
606 22306
607 20572
608 20850
609 22867
610 24886
611 26598
612 27686
613 28705
614 29300
615 29769
616 29870
617 29941
618 30045
619 30120
620 29862
621 30013
622 29978
623 29976
624 29946
625 29950
626 29772
627 29826
628 29414
629 29551
630 29691
631 29775
632 29782
633 29888
634 29852
635 29850
636 29822
637 29486
638 29194
639 28804
640 27772
641 26013
642 24420
643 25031
644 26862
645 28860
646 29569
647 29897
648 29882
649 30218
650 29951
651 30060
652 30045
653 30023
654 30075
655 29920
656 29969
657 30035
658 29993
659 29980
660 29810
661 29753
662 29552
663 29260
664 28928
665 28052
666 27042
667 26806
668 28102
669 29104
670 29615
671 29792
672 29936
673 29714
674 29542
675 29302
676 28971
677 28526
678 28548
679 28780
680 29267
681 29399
682 29518
683 29472
684 29152
685 28867
686 28386
687 28201
688 28446
689 28848
690 29079
691 29514
692 29691
693 29743
694 29633
695 29439
696 29344
697 29188
698 29091
699 28774
700 28450
701 28263
702 27883
703 27314
704 26173
705 24309
706 22480
707 20509
708 19596
709 20831
710 23661
711 26045
712 27504
713 28147
714 28400
715 28206
716 27630
717 27301
718 26755
719 26469
720 26683
721 27345
722 28495
723 28924
724 29385
725 29478
726 29434
727 29591
728 29434
729 29386
730 29343
731 29360
732 29497
733 29520
734 29427
735 29558
736 29537
737 29640
738 29454
739 29546
740 29350
741 29394
742 29380
743 29428
744 29289
745 29518
746 29419
747 29341
748 29416
749 29220
750 29224
751 28944
752 28718
753 28181
754 27617
755 27634
756 27875
757 28582
758 28910
759 29105
760 29194
761 29088
762 29121
763 28979
764 28998
765 29100
766 28769
767 28691
768 28154
769 27733
770 26689
771 24963
772 24118
773 25061
774 26962
775 27692
776 27731
777 27204
778 26669
779 26874
780 27541
781 28359
782 28929
783 29072
784 29220
785 29137
786 29169
787 29019
788 28950
789 28788
790 28732
791 28680
792 28770
793 28990
794 29271
795 29548
796 29386
797 29423
798 29419
799 29438
800 29378
801 29563
802 29437
803 29419
804 29287
805 29306
806 29078
807 29220
808 29208
809 29038
810 28974
811 28841
812 28675
813 28383
814 27788
815 27203
816 26138
817 24683
818 24307
819 25370
820 26592
821 27274
822 27639
823 27158
824 26118
825 24303
826 23214
827 24296
828 26707
829 27987
830 28659
831 28903
832 29056
833 29121
834 29210
835 29174
836 29054
837 29241
838 28984
839 29101
840 28919
841 28737
842 28723
843 28844
844 28701
845 28782
846 28723
847 28490
848 28288
849 27835
850 26995
851 25698
852 23078
853 21439
854 22651
855 25579
856 27551
857 28419
858 28665
859 28739
860 28758
861 28558
862 28331
863 28117
864 27916
865 27970
866 28115
867 28086
868 27795
869 27677
870 27067
871 26303
872 24677
873 23264
874 22270
875 21535
876 20598
877 19720
878 20024
879 21462
880 23304
881 25258
882 26751
883 27758
884 28356
885 28740
886 28808
887 28904
888 28737
889 28962
890 29038
891 29002
892 29038
893 29023
894 29045
895 29041
896 29137
897 28946
898 29123
899 29143
900 28811
901 28772
902 28681
903 28644
904 28550
905 28504
906 28598
907 28387
908 28407
909 28382
910 28131
911 27908
912 27549
913 27146
914 26168
915 24405
916 21881
917 21049
918 22960
919 25979
920 27299
921 27769
922 28056
923 27972
924 28011
925 27526
926 26983
927 26647
928 25669
929 24241
930 22287
931 20395
932 20274
933 22236
934 24423
935 25795
936 26036
937 25968
938 25439
939 24946
940 24413
941 23191
942 20856
943 19695
944 21594
945 24864
946 27194
947 27960
948 28136
949 28275
950 28383
951 28452
952 28356
953 28395
954 28479
955 28368
956 28488
957 28592
958 28480
959 28450
960 28631
961 28427
962 28555
963 28354
964 28282
965 28411
966 28424
967 28347
968 28370
969 28200
970 27969
971 27677
972 27313
973 27083
974 26622
975 26482
976 26905
977 27288
978 27818
979 28108
980 28333
981 28417
982 28328
983 28410
984 28456
985 28359
986 28358
987 28319
988 28384
989 28229
990 28124
991 28092
992 27730
993 27449
994 27237
995 26709
996 25844
997 24524
998 22982
999 22732
1000 24016
1001 25880
1002 26909
1003 27424
1004 27669
1005 27823
1006 27950
1007 27974
1008 27910
1009 27746
1010 27490
1011 27161
1012 26591
1013 25730
1014 23993
1015 21242
1016 20106
1017 21864
1018 25001
1019 26889
1020 27626
1021 27931
1022 28029
1023 28203
1024 28240
1025 28265
1026 28283
1027 28265
1028 28145
1029 28047
1030 28220
1031 28094
1032 28032
1033 27830
1034 27799
1035 27375
1036 27247
1037 26859
1038 26246
1039 25065
1040 22526
1041 19766
1042 19226
1043 22157
1044 24980
1045 26693
1046 27269
1047 27362
1048 27748
1049 27675
1050 27901
1051 27777
1052 27826
1053 27594
1054 27544
1055 27404
1056 27142
1057 26854
1058 26625
1059 26526
1060 26784
1061 27190
1062 27443
1063 27564
1064 27620
1065 27784
1066 27858
1067 27761
1068 27873
1069 27977
1070 27912
1071 27758
1072 27729
1073 27563
1074 27702
1075 27469
1076 27420
1077 27192
1078 26843
1079 26623
1080 25909
1081 25358
1082 23992
1083 22079
1084 20431
1085 20554
1086 22373
1087 24649
1088 26043
1089 26716
1090 26964
1091 27033
1092 27184
1093 27006
1094 27155
1095 26625
1096 26268
1097 25691
1098 24473
1099 22474
1100 19893
1101 17861
1102 17113
1103 18466
1104 21187
1105 23977
1106 25651
1107 26776
1108 27108
1109 27086
1110 27152
1111 27153
1112 27037
1113 27165
1114 26932
1115 27228
1116 27143
1117 26807
1118 26557
1119 26130
1120 25455
1121 24529
1122 22318
1123 19970
1124 19525
1125 22067
1126 24939
1127 26372
1128 27199
1129 27317
1130 27381
1131 27501
1132 27393
1133 27433
1134 27462
1135 27315
1136 27374
1137 27161
1138 27143
1139 27004
1140 26991
1141 26911
1142 26560
1143 26457
1144 26095
1145 25489
1146 24335
1147 22613
1148 19572
1149 17523
1150 18509
1151 21958
1152 24348
1153 25481
1154 26071
1155 25872
1156 25705
1157 25185
1158 24732
1159 24193
1160 23593
1161 23525
1162 23725
1163 24705
1164 25617
1165 26148
1166 26625
1167 27086
1168 27207
1169 27246
1170 27253
1171 27278
1172 27299
1173 27410
1174 27392
1175 27491
1176 27359
1177 27440
1178 27374
1179 27252
1180 27197
1181 27270
1182 27108
1183 26852
1184 26766
1185 26725
1186 26791
1187 27027
1188 27214
1189 27269
1190 27243
1191 27352
1192 27256
1193 27147
1194 26868
1195 26767
1196 26641
1197 26362
1198 26627
1199 26742
1200 27142
1201 27209
1202 27342
1203 27205
1204 27359
1205 27080
1206 27051
1207 26999
1208 26845
1209 26909
1210 26713
1211 26635
1212 26648
1213 26299
1214 25991
1215 25789
1216 25317
1217 24674
1218 23858
1219 22698
1220 20946
1221 18856
1222 16332
1223 14403
1224 13704
1225 14969
1226 17485
1227 19951
1228 22667
1229 24094
1230 25083
1231 25616
1232 25849
1233 25961
1234 25990
1235 25701
1236 25495
1237 24922
1238 23811
1239 21704
1240 19917
1241 20278
1242 22787
1243 24999
1244 26169
1245 26272
1246 26446
1247 26433
1248 26215
1249 25881
1250 25577
1251 24986
1252 23997
1253 22466
1254 20345
1255 18067
1256 16214
1257 16039
1258 17692
1259 20206
1260 22379
1261 23855
1262 24333
1263 23671
1264 21535
1265 19399
1266 19681
1267 22390
1268 24980
1269 26071
1270 26683
1271 26710
1272 26883
1273 27015
1274 26853
1275 26867
1276 26825
1277 26874
1278 26896
1279 27163
1280 27162
1281 26998
1282 27064
1283 27051
1284 26887
1285 26815
1286 26624
1287 26498
1288 26363
1289 26486
1290 26392
1291 26655
1292 26947
1293 26954
1294 26826
1295 26694
1296 26440
1297 26029
1298 25831
1299 25944
1300 26474
1301 26667
1302 26864
1303 27216
1304 27341
1305 27059
1306 27146
1307 26978
1308 26879
1309 26935
1310 27004
1311 26771
1312 26868
1313 26810
1314 26662
1315 26635
1316 26305
1317 26256
1318 26258
1319 26081
1320 26341
1321 26494
1322 26620
1323 26823
1324 26848
1325 26753
1326 26886
1327 26930
1328 27101
1329 26989
1330 26934
1331 26867
1332 26971
1333 26962
1334 26763
1335 26829
1336 26743
1337 26860
1338 27012
1339 26659
1340 26644
1341 26499
1342 26404
1343 26164
1344 25935
1345 25342
1346 24690
1347 24597
1348 24867
1349 25408
1350 25816
1351 26006
1352 26402
1353 26586
1354 26342
1355 26431
1356 26441
1357 26314
1358 26074
1359 26003
1360 25616
1361 25443
1362 25258
1363 24702
1364 23411
1365 21378
1366 20513
1367 21985
1368 24555
1369 25940
1370 26275
1371 26476
1372 26537
1373 26629
1374 26528
1375 26588
1376 26527
1377 26400
1378 26436
1379 26392
1380 26491
1381 26317
1382 26465
1383 26306
1384 26200
1385 25982
1386 25677
1387 25390
1388 24619
1389 23133
1390 20988
1391 20115
1392 22015
1393 24287
1394 25716
1395 26332
1396 26354
1397 26353
1398 26494
1399 26440
1400 26336
1401 26627
1402 26603
1403 26518
1404 26454
1405 26432
1406 26614
1407 26493
1408 26598
1409 26463
1410 26440
1411 26424
1412 26551
1413 26489
1414 26456
1415 26515
1416 26497
1417 26504
1418 26457
1419 26277
1420 26234
1421 26349
1422 26132
1423 26234
1424 26273
1425 26217
1426 26209
1427 26329
1428 26355
1429 26295
1430 26210
1431 26169
1432 25736
1433 25686
1434 25698
1435 25751
1436 25871
1437 26137
1438 26263
1439 26391
1440 26554
1441 26397
1442 26329
1443 26217
1444 26319
1445 26246
1446 26142
1447 26170
1448 26127
1449 25979
1450 25773
1451 25989
1452 26013
1453 26106
1454 26224
1455 26221
1456 26120
1457 26306
1458 26165
1459 25970
1460 26011
1461 25761
1462 25584
1463 25582
1464 25436
1465 25322
1466 25394
1467 25593
1468 25647
1469 25897
1470 25942
1471 26055
1472 26051
1473 26033
1474 26022
1475 25929
1476 25958
1477 25863
1478 25773
1479 25802
1480 25589
1481 25216
1482 24690
1483 24160
1484 23527
1485 23544
1486 24312
1487 25075
1488 25446
1489 25676
1490 25741
1491 25648
1492 25662
1493 25434
1494 25254
1495 25300
1496 24944
1497 24255
1498 23321
1499 21415
1500 19799
1501 20140
1502 22153
1503 24040
1504 25094
1505 25298
1506 25435
1507 25391
1508 25350
1509 25067
1510 24723
1511 24222
1512 23832
1513 23813
1514 24077
1515 24321
1516 24715
1517 24781
1518 25135
1519 25106
1520 24866
1521 24647
1522 24423
1523 23460
1524 21725
1525 20693
1526 21446
1527 23481
1528 24832
1529 25498
