0 30175
1 32766
2 32185
3 31468
4 31166
5 31054
6 31199
7 31521
8 31648
9 31829
10 31836
11 31897
12 31655
13 31646
14 31439
15 31236
16 31081
17 31138
18 31303
19 31345
20 31240
21 31253
22 30965
23 30791
24 30363
25 29838
26 29474
27 29096
28 28425
29 27089
30 25215
31 23023
32 20665
33 19259
34 19723
35 21897
36 24841
37 27721
38 29602
39 30720
40 31279
41 31371
42 31723
43 31550
44 31456
45 31535
46 31439
47 31280
48 31109
49 30965
50 31113
51 31282
52 31400
53 31586
54 31624
55 31810
56 31914
57 31820
58 31795
59 31925
60 31767
61 31794
62 31733
63 31636
64 31796
65 31700
66 31774
67 31813
68 31604
69 31652
70 31663
71 31350
72 31470
73 31524
74 31440
75 31566
76 31800
77 31692
78 31702
79 31695
80 31831
81 31653
82 31485
83 31605
84 31402
85 31360
86 31230
87 31277
88 31004
89 31143
90 31424
91 31600
92 31505
93 31627
94 31649
95 31661
96 31726
97 31514
98 31428
99 31624
100 31539
101 31641
102 31601
103 31382
104 31576
105 31502
106 31308
107 31275
108 30999
109 30669
110 30271
111 29742
112 29133
113 28463
114 28016
115 28539
116 29352
117 29812
118 30144
119 30080
120 29795
121 29617
122 29538
123 30077
124 30711
125 30912
126 31401
127 31677
128 31699
129 31826
130 31896
131 31888
132 31790
133 31821
134 31761
135 31659
136 31676
137 31822
138 31754
139 31619
140 31432
141 31588
142 31244
143 30964
144 30732
145 30406
146 30211
147 30004
148 30279
149 30379
150 30641
151 30892
152 31103
153 31133
154 31253
155 31085
156 31389
157 31497
158 31573
159 31595
160 31635
161 31752
162 31735
163 31849
164 31762
165 31829
166 31984
167 31890
168 31853
169 31905
170 31813
171 31776
172 31717
173 31770
174 31750
175 31783
176 31711
177 31785
178 31901
179 31826
180 31736
181 31762
182 31670
183 31709
184 31560
185 31609
186 31454
187 31340
188 30951
189 30875
190 30649
191 30454
192 30361
193 30028
194 29684
195 28903
196 27739
197 25938
198 23960
199 22649
200 22743
201 24502
202 27082
203 29066
204 30287
205 30816
206 31316
207 31493
208 31680
209 31781
210 31870
211 32019
212 31777
213 31921
214 31819
215 31927
216 31693
217 31858
218 31793
219 31737
220 31695
221 31783
222 31664
223 31594
224 31696
225 31305
226 31275
227 31070
228 30892
229 30720
230 30337
231 29631
232 28795
233 28151
234 28021
235 28572
236 29551
237 30380
238 30656
239 31128
240 30965
241 31240
242 31306
243 31214
244 31288
245 31281
246 31217
247 31015
248 30754
249 30602
250 30582
251 30523
252 30441
253 30263
254 30026
255 29814
256 30027
257 30443
258 30894
259 30980
260 31058
261 31251
262 31120
263 30951
264 30706
265 30516
266 30029
267 29434
268 28676
269 27819
270 27675
271 27976
272 28022
273 28429
274 28909
275 29492
276 29644
277 29342
278 29363
279 29436
280 29877
281 30443
282 30869
283 31239
284 31501
285 31586
286 31333
287 31372
288 31408
289 31354
290 31409
291 31397
292 31430
293 31449
294 31289
295 31509
296 31442
297 31451
298 31500
299 31558
300 31676
301 31755
302 31675
303 31740
304 31816
305 31707
306 31658
307 31914
308 31769
309 31696
310 31620
311 31582
312 31744
313 31702
314 31673
315 31617
316 31557
317 31460
318 31494
319 31490
320 31361
321 31144
322 31207
323 31316
324 31529
325 31604
326 31690
327 31595
328 31703
329 31665
330 31622
331 31698
332 31722
333 31654
334 31591
335 31637
336 31634
337 31574
338 31356
339 31271
340 31040
341 30729
342 30367
343 29886
344 29644
345 29720
346 30061
347 30220
348 30189
349 30159
350 30565
351 30834
352 31288
353 31212
354 31366
355 31401
356 31371
357 31147
358 30968
359 30911
360 30762
361 30187
362 29685
363 28923
364 28179
365 28374
366 29365
367 30324
368 31150
369 31386
370 31425
371 31498
372 31371
373 31492
374 31604
375 31401
376 31445
377 31279
378 31375
379 31473
380 31332
381 31275
382 31383
383 31259
384 31426
385 31484
386 31617
387 31608
388 31530
389 31504
390 31280
391 31291
392 31279
393 31192
394 31112
395 31017
396 31089
397 31087
398 30786
399 30500
400 30214
401 29482
402 28774
403 28149
404 27827
405 27086
406 25535
407 23728
408 22632
409 23897
410 25875
411 27165
412 27341
413 26331
414 24557
415 24000
416 25342
417 26989
418 27623
419 27805
420 28527
421 29417
422 29696
423 29866
424 29516
425 29034
426 28334
427 27630
428 26488
429 24768
430 22193
431 20398
432 20535
433 21175
434 20666
435 19748
436 19687
437 20689
438 22194
439 23530
440 24048
441 23315
442 23190
443 24592
444 26061
445 26653
446 25965
447 25725
448 25656
449 25277
450 24234
451 22248
452 19893
453 17630
454 16007
455 14868
456 14891
457 16258
458 19251
459 22626
460 25235
461 26680
462 26993
463 27011
464 26795
465 26515
466 27097
467 28362
468 29389
469 30071
470 30580
471 30529
472 30585
473 30377
474 30341
475 30092
476 29695
477 29539
478 28675
479 27625
480 26359
481 24279
482 22963
483 23774
484 25844
485 27197
486 27002
487 26091
488 24179
489 22483
490 22717
491 25248
492 27264
493 27891
494 28158
495 28324
496 28442
497 28617
498 28891
499 29200
500 29672
501 29799
502 29796
503 29829
504 29712
505 29647
506 29251
507 28485
508 27622
509 26593
510 25403
511 25090
512 25086
513 24900
514 24092
515 22986
516 23729
517 26361
518 28553
519 29860
520 30230
521 30323
522 30329
523 30325
524 30047
525 29905
526 29460
527 28965
528 27920
529 26633
530 24703
531 22558
532 21868
533 23685
534 25589
535 26098
536 25131
537 23305
538 21544
539 20921
540 21734
541 24041
542 26491
543 27986
544 28794
545 29420
546 29515
547 29569
548 29344
549 29151
550 28834
551 28723
552 28639
553 28468
554 28131
555 27108
556 25600
557 24125
558 24617
559 26675
560 28837
561 30034
562 30206
563 30540
564 30580
565 30471
566 30368
567 30241
568 29981
569 29476
570 29260
571 28513
572 28127
573 28527
574 29211
575 29680
576 29637
577 29441
578 29212
579 28674
580 27658
581 26234
582 24481
583 23980
584 25578
585 27752
586 29406
587 29995
588 30488
589 30368
590 30415
591 30305
592 30165
593 29972
594 29819
595 29280
596 28690
597 28011
598 26824
599 25298
600 23845
601 23375
602 23814
603 24938
604 25171
605 25112
606 24329
607 23327
608 22448
609 23097
610 24896
611 26562
612 27839
613 29020
614 29769
615 30251
616 30534
617 30776
618 30852
619 30908
620 30798
621 30833
622 30702
623 30835
624 30689
625 30788
626 30845
627 30825
628 30482
629 30442
630 30449
631 30823
632 30727
633 30794
634 30685
635 30659
636 30679
637 30460
638 30257
639 29565
640 28980
641 28209
642 26923
643 26272
644 26940
645 28744
646 29942
647 30561
648 30863
649 30823
650 30860
651 30807
652 30899
653 30876
654 30901
655 30932
656 30869
657 30992
658 30897
659 30842
660 30805
661 30666
662 30520
663 30098
664 29898
665 29481
666 28773
667 28429
668 28450
669 29426
670 30188
671 30477
672 30820
673 30673
674 30541
675 30460
676 30216
677 29845
678 29717
679 29769
680 29898
681 30233
682 30297
683 30419
684 30196
685 29924
686 29509
687 29331
688 29296
689 29437
690 29793
691 30115
692 30417
693 30619
694 30444
695 30499
696 30348
697 30464
698 30144
699 29999
700 29695
701 29366
702 29056
703 28581
704 27699
705 26582
706 25032
707 23781
708 22536
709 22619
710 23784
711 25966
712 27694
713 28856
714 29176
715 29296
716 28916
717 28666
718 28057
719 27774
720 27553
721 28125
722 28699
723 29557
724 30202
725 30402
726 30449
727 30693
728 30433
729 30639
730 30586
731 30468
732 30616
733 30551
734 30534
735 30706
736 30567
737 30687
738 30562
739 30556
740 30628
741 30547
742 30553
743 30496
744 30508
745 30520
746 30580
747 30611
748 30510
749 30439
750 30323
751 29973
752 29935
753 29710
754 29374
755 29168
756 30610
757 29618
758 29861
759 30125
760 30316
761 30343
762 30155
763 30209
764 30314
765 30203
766 29950
767 29860
768 29484
769 29003
770 28411
771 27488
772 26439
773 26166
774 27303
775 28363
776 28995
777 28882
778 28575
779 28481
780 28704
781 29280
782 29895
783 30222
784 30177
785 30381
786 30298
787 30347
788 30231
789 30112
790 30111
791 30025
792 29927
793 30168
794 30247
795 30631
796 30601
797 30702
798 30712
799 30543
800 30639
801 30645
802 30736
803 30384
804 30481
805 30452
806 30626
807 30429
808 30466
809 30204
810 30192
811 30097
812 30174
813 29740
814 29195
815 28727
816 28220
817 27293
818 26738
819 26571
820 27403
821 28169
822 28551
823 28451
824 27808
825 26943
826 25712
827 25526
828 26675
829 28435
830 29485
831 29952
832 30022
833 30266
834 30293
835 30321
836 30300
837 30310
838 30181
839 30431
840 30191
841 30214
842 30086
843 30040
844 30096
845 30087
846 30005
847 29922
848 29552
849 29198
850 28407
851 27457
852 26193
853 24539
854 24098
855 25509
856 27626
857 28935
858 29592
859 29854
860 29907
861 29701
862 29747
863 29392
864 29275
865 29276
866 29271
867 29186
868 29108
869 28891
870 28424
871 27942
872 26862
873 25550
874 24261
875 23281
876 22398
877 21710
878 21217
879 21807
880 23335
881 25277
882 26957
883 28236
884 29190
885 29837
886 29937
887 30007
888 30138
889 30352
890 30226
891 30349
892 30379
893 30281
894 30286
895 30181
896 30296
897 30215
898 30264
899 30389
900 30259
901 30105
902 30006
903 29978
904 29967
905 29871
906 29850
907 29838
908 29773
909 29598
910 29469
911 29459
912 29033
913 28488
914 27780
915 26607
916 25173
917 23731
918 23766
919 25823
920 27773
921 28853
922 29122
923 29300
924 29375
925 28964
926 28642
927 28193
928 27347
929 26499
930 25335
931 23910
932 22964
933 23393
934 24958
935 26271
936 27118
937 27232
938 26876
939 26420
940 25638
941 25126
942 24125
943 22612
944 22638
945 24802
946 27216
947 28557
948 29412
949 29631
950 29763
951 29749
952 29778
953 29711
954 29786
955 29877
956 29773
957 29789
958 29891
959 29831
960 29886
961 30016
962 29864
963 29862
964 29664
965 29750
966 29830
967 29704
968 29595
969 29650
970 29507
971 29186
972 28824
973 28586
974 28161
975 28030
976 28058
977 28564
978 29021
979 29229
980 29630
981 29681
982 29770
983 29920
984 29907
985 29752
986 29737
987 29847
988 29817
989 29722
990 29633
991 29524
992 29344
993 29106
994 28831
995 28391
996 27765
997 26934
998 26025
999 25338
1000 25532
1001 26458
1002 27870
1003 28519
1004 29112
1005 29346
1006 29267
1007 29430
1008 29469
1009 29105
1010 29122
1011 28805
1012 28146
1013 27420
1014 26196
1015 24709
1016 23121
1017 23188
1018 24845
1019 27242
1020 28421
1021 29249
1022 29435
1023 29606
1024 29582
1025 29605
1026 29684
1027 29603
1028 29804
1029 29653
1030 29624
1031 29582
1032 29485
1033 29427
1034 29308
1035 29242
1036 28863
1037 28494
1038 27667
1039 26824
1040 25464
1041 23599
1042 22187
1043 22787
1044 25052
1045 27311
1046 28273
1047 28788
1048 29076
1049 29267
1050 29237
1051 29321
1052 29313
1053 29333
1054 29287
1055 29023
1056 28773
1057 28491
1058 28529
1059 28194
1060 28250
1061 28390
1062 28683
1063 29171
1064 29198
1065 29328
1066 29452
1067 29566
1068 29579
1069 29591
1070 29634
1071 29597
1072 29420
1073 29424
1074 29605
1075 29339
1076 29204
1077 29039
1078 28879
1079 28496
1080 27986
1081 27459
1082 26517
1083 25232
1084 24025
1085 23399
1086 24023
1087 25547
1088 27153
1089 28063
1090 28679
1091 28853
1092 28826
1093 28843
1094 28854
1095 28506
1096 28122
1097 27386
1098 26415
1099 24802
1100 22857
1101 20972
1102 19512
1103 19546
1104 21404
1105 23750
1106 25966
1107 27610
1108 28564
1109 28931
1110 29004
1111 28942
1112 28926
1113 28883
1114 28886
1115 29065
1116 28846
1117 28823
1118 28683
1119 28071
1120 27441
1121 26593
1122 25442
1123 23857
1124 22636
1125 22994
1126 25204
1127 27169
1128 28481
1129 28977
1130 29267
1131 29339
1132 29482
1133 29349
1134 29244
1135 29280
1136 29138
1137 29262
1138 29180
1139 28922
1140 28851
1141 28639
1142 28533
1143 28298
1144 27995
1145 27482
1146 26464
1147 25327
1148 23411
1149 21489
1150 20864
1151 22268
1152 24719
1153 26337
1154 27501
1155 27662
1156 27553
1157 27270
1158 26745
1159 26152
1160 25666
1161 25524
1162 25541
1163 26068
1164 26913
1165 27704
1166 28219
1167 28643
1168 28992
1169 29150
1170 29198
1171 29224
1172 29097
1173 29336
1174 29492
1175 29458
1176 29315
1177 29298
1178 29429
1179 29316
1180 29386
1181 29275
1182 28941
1183 28936
1184 28820
1185 28597
1186 28788
1187 28715
1188 28951
1189 29121
1190 29207
1191 29243
1192 29228
1193 29188
1194 28927
1195 28891
1196 28553
1197 28614
1198 28477
1199 28717
1200 28884
1201 28956
1202 29245
1203 29267
1204 29150
1205 29123
1206 29026
1207 29170
1208 29055
1209 28880
1210 28817
1211 28823
1212 28601
1213 28374
1214 28112
1215 27783
1216 27442
1217 26829
1218 25873
1219 24770
1220 23277
1221 21374
1222 19191
1223 17120
1224 15849
1225 16107
1226 17601
1227 19716
1228 22556
1229 24761
1230 26376
1231 27127
1232 27593
1233 27886
1234 27825
1235 27719
1236 27480
1237 26985
1238 26188
1239 25077
1240 23518
1241 22678
1242 23820
1243 25674
1244 27264
1245 28064
1246 28402
1247 28370
1248 28345
1249 27981
1250 27651
1251 26873
1252 26086
1253 24830
1254 23041
1255 20969
1256 19114
1257 18139
1258 18730
1259 20422
1260 22736
1261 24601
1262 25489
1263 25499
1264 24702
1265 23329
1266 22328
1267 23253
1268 25404
1269 27245
1270 28310
1271 28560
1272 28814
1273 28998
1274 28914
1275 29092
1276 29077
1277 29128
1278 29238
1279 29163
1280 29145
1281 29128
1282 28992
1283 29107
1284 28901
1285 28897
1286 28838
1287 28788
1288 28590
1289 28420
1290 28458
1291 28723
1292 28877
1293 28932
1294 28929
1295 28862
1296 28619
1297 28526
1298 28231
1299 28121
1300 28325
1301 28539
1302 28949
1303 28997
1304 29126
1305 29215
1306 29206
1307 29028
1308 28986
1309 28979
1310 29028
1311 29022
1312 28971
1313 28915
1314 28699
1315 28654
1316 28463
1317 28472
1318 28342
1319 28235
1320 28335
1321 28680
1322 28675
1323 28767
1324 28913
1325 29007
1326 28922
1327 28864
1328 28809
1329 28974
1330 28990
1331 28909
1332 28965
1333 28808
1334 28912
1335 28907
1336 28832
1337 28963
1338 29010
1339 28799
1340 28679
1341 28655
1342 28697
1343 28415
1344 28111
1345 27709
1346 27445
1347 26988
1348 27075
1349 27365
1350 27758
1351 28046
1352 28321
1353 28306
1354 28518
1355 28517
1356 28612
1357 28532
1358 28337
1359 28260
1360 27951
1361 27726
1362 27341
1363 26900
1364 26079
1365 25075
1366 23861
1367 23779
1368 25406
1369 27078
1370 28117
1371 28633
1372 28647
1373 28765
1374 28857
1375 28765
1376 28764
1377 28797
1378 28593
1379 28762
1380 28732
1381 28700
1382 28623
1383 28571
1384 28516
1385 28381
1386 27986
1387 27779
1388 26917
1389 26086
1390 24627
1391 23465
1392 23550
1393 25332
1394 27016
1395 28014
1396 28424
1397 28637
1398 28765
1399 28660
1400 28581
1401 28874
1402 28712
1403 28705
1404 28791
1405 28745
1406 28774
1407 28796
1408 28783
1409 28742
1410 28748
1411 28736
1412 28760
1413 28936
1414 28851
1415 28798
1416 28882
1417 28746
1418 28810
1419 28801
1420 28686
1421 28659
1422 28570
1423 28453
1424 28501
1425 28381
1426 28625
1427 28669
1428 28744
1429 28750
1430 28503
1431 28467
1432 28237
1433 28068
1434 28051
1435 28247
1436 28127
1437 28311
1438 28667
1439 28640
1440 28711
1441 28758
1442 28866
1443 28833
1444 28738
1445 28680
1446 28604
1447 28591
1448 28437
1449 28380
1450 28213
1451 28432
1452 28424
1453 28487
1454 28579
1455 28540
1456 28729
1457 28716
1458 28581
1459 28440
1460 28461
1461 28350
1462 28155
1463 28142
1464 27973
1465 27941
1466 27686
1467 27876
1468 28105
1469 28304
1470 28291
1471 28360
1472 28488
1473 28511
1474 28573
1475 28464
1476 28380
1477 28408
1478 28384
1479 28328
1480 28177
1481 27908
1482 27546
1483 27130
1484 26569
1485 26500
1486 26675
1487 27200
1488 27607
1489 27921
1490 28060
1491 28080
1492 28130
1493 27962
1494 27866
1495 27742
1496 27373
1497 26805
1498 26071
1499 24945
1500 23527
1501 22894
1502 23602
1503 25363
1504 26667
1505 27564
1506 27819
1507 27920
1508 27670
1509 27549
1510 27306
1511 26722
1512 26587
1513 26329
1514 26236
1515 26539
1516 26690
1517 27022
1518 27414
1519 27379
1520 27362
1521 27073
1522 26751
1523 26265
1524 25242
1525 24320
1526 24091
1527 25100
1528 26686
1529 27635
