0,0.965343715252
1,1.03953933687
2,1.01817859002
3,1.0050335135
4,1.00166025574
5,0.998984762104
6,0.991294909521
7,0.990681437531
8,0.984862862744
9,0.955873663994
10,0.920628304611
11,0.862714586689
12,0.774541861983
13,0.67312140968
14,0.590643794619
15,0.586516143207
16,0.648558407757
17,0.756268567749
18,0.842301579835
19,0.924755288038
20,0.963105393044
21,0.979926250685
22,1.00014742108
23,1.00309140984
24,0.995966144602
25,1.00440589869
26,0.997248172629
27,0.99746039048
28,0.993256322783
29,0.992515138639
30,0.986626259887
31,0.984772442896
32,0.992102501983
33,1.00048210253
34,0.997293876868
35,1.00774060663
36,1.00655492165
37,1.01064580351
38,1.00230761891
39,1.00741601438
40,1.00657977465
41,1.001991739
42,1.00239515633
43,0.999332686407
44,1.00056278452
45,1.00653135354
46,1.00315058665
47,1.0094379772
48,1.00942844454
49,0.999304046724
50,1.003079295
51,0.993589695149
52,0.994820012842
53,0.996209535231
54,0.996167474315
55,0.99886175492
56,1.00827027733
57,1.01876173552
58,1.01770253544
59,1.02141694174
60,1.01825722107
61,1.014556082
62,1.01426034733
63,1.01227750482
64,1.0132231162
65,1.00458648233
66,1.0112305602
67,1.00638166907
68,0.995960229702
69,0.992638409119
70,0.996735785496
71,0.997075857867
72,1.005027398
73,0.999412244534
74,1.00070802752
75,1.00375581608
76,1.00218512668
77,0.999085202946
78,1.00363068563
79,0.998268520908
80,1.0046942269
81,1.00449324852
82,1.01292741576
83,1.00603504059
84,1.00774615219
85,1.005123234
86,1.00265938883
87,1.00351003355
88,1.00394640306
89,1.00323528122
90,1.0002926389
91,0.99744531901
92,0.99176026681
93,0.982312420758
94,0.970982367244
95,0.949128606583
96,0.956737053085
97,0.965143560939
98,0.963760289983
99,0.972710262487
100,0.975122742375
101,0.970709606428
102,0.964382096678
103,0.963349313619
104,0.974343380951
105,0.983775359915
106,0.992219291964
107,0.997696790126
108,0.995612535852
109,1.00192047375
110,1.00634627923
111,1.00866625248
112,1.00511402791
113,1.00130608387
114,1.00104072895
115,0.999785806195
116,1.00284026419
117,1.00407537954
118,1.00489559269
119,1.00427915707
120,1.002864425
121,1.00004458014
122,1.01108319793
123,0.996192304392
124,0.999024331013
125,0.986877836914
126,0.990731731541
127,0.986409085805
128,0.9848650115
129,0.985301340447
130,0.983213951781
131,0.988346610437
132,0.987888602082
133,0.98433124457
134,0.988538147434
135,0.984117657355
136,0.986886949912
137,0.983744232026
138,0.992746030959
139,0.993119095362
140,0.993012746137
141,0.99869210614
142,1.011308923
143,1.00401056729
144,1.00246611045
145,1.00491801143
146,0.999152880276
147,1.00297981934
148,1.00092333646
149,1.00337568263
150,1.00163880758
151,1.00230043496
152,1.00049934633
153,1.00886960333
154,0.995297201949
155,0.998613752166
156,1.00145079264
157,1.00153675218
158,1.00395832626
159,1.00567624238
160,1.00000279608
161,1.00434466502
162,1.00481482161
163,1.00486898708
164,1.00117858023
165,1.00507335554
166,1.00506352692
167,1.00140454375
168,0.996944869881
169,0.989379398703
170,0.983477907012
171,0.975046433937
172,0.971416863947
173,0.961414827476
174,0.966430125844
175,0.96882000288
176,0.955901872705
177,0.928762189023
178,0.865714939488
179,0.792603202242
180,0.727427653044
181,0.706708677812
182,0.748681973243
183,0.818724873686
184,0.887045201913
185,0.933392631205
186,0.963883806096
187,0.98495713846
188,0.993726926891
189,1.00201694013
190,1.0014620861
191,1.00042639826
192,1.00253182436
193,1.0132602876
194,1.00007554722
195,1.00189276879
196,1.00223541522
197,0.998474165291
198,1.00385066674
199,1.00166030445
200,1.00084859407
201,0.998208868287
202,1.00249611541
203,1.00178053574
204,1.00260443577
205,1.00198501214
206,0.998318152366
207,0.995741592654
208,0.990887000829
209,0.994662149724
210,0.988106496094
211,0.977346836559
212,0.954649287938
213,0.931371670902
214,0.888612031986
215,0.864525999066
216,0.881197900007
217,0.912507674663
218,0.938267814773
219,0.961880032641
220,0.975896349803
221,0.981438835195
222,0.985119811155
223,0.986296834426
224,0.989143642529
225,0.990064126478
226,0.98729179874
227,0.986831379719
228,0.986563605361
229,0.98366216838
230,0.97382266569
231,0.96854327445
232,0.976562108421
233,0.98679839621
234,0.974354713404
235,0.982086012498
236,0.981721476441
237,0.979910988394
238,0.979739093925
239,0.984226736706
240,0.992378438576
241,0.992753543001
242,0.993514369082
243,0.997200183806
244,0.99166119384
245,1.0017763689
246,0.993697410058
247,0.989957662775
248,0.989786219287
249,0.978232853201
250,0.964009452609
251,0.95418984958
252,0.957071393667
253,0.961078823258
254,0.955213266176
255,0.966264665485
256,0.967507100512
257,0.971033470901
258,0.96597138069
259,0.963546656746
260,0.961186012888
261,0.960884196698
262,0.973355792514
263,0.983125900128
264,0.985721281067
265,0.996104541056
266,0.995868899689
267,1.00075043228
268,1.00469911787
269,0.994582453864
270,0.998563422091
271,0.989797334564
272,0.993971629275
273,0.988037424242
274,0.989861778332
275,0.992909839411
276,0.992480700846
277,0.994692006
278,0.998417084881
279,0.991225210401
280,1.00094088487
281,0.991751465485
282,0.998472707983
283,1.00290765739
284,0.99442554216
285,0.99947283977
286,0.998914957165
287,0.99249323318
288,0.996349095688
289,0.999560935281
290,0.99658614967
291,0.997639237531
292,0.995791980863
293,1.00138943884
294,1.00076695635
295,0.995889707063
296,0.996781871399
297,0.996932703009
298,0.997599356129
299,1.00200587191
300,0.988035312754
301,0.989765612685
302,0.978243477807
303,0.981811488663
304,0.984025457394
305,0.983691910416
306,0.988357361004
307,0.987120912797
308,0.988303480401
309,0.996776278415
310,0.995862674518
311,0.992400384427
312,1.01655428694
313,0.999122389657
314,0.997208473193
315,0.996810926227
316,0.993799517784
317,0.9953057381
318,1.00349260617
319,0.994929834508
320,0.99201449806
321,0.988711507003
322,0.983891002006
323,0.978230650042
324,0.960818525196
325,0.95677056064
326,0.95107552336
327,0.961588777197
328,0.960414041651
329,0.977936349973
330,0.974469506434
331,0.970582441713
332,0.98029218021
333,0.988097322035
334,0.985017888406
335,1.00122284424
336,0.992845855145
337,0.992415288617
338,0.985620000233
339,0.990617032126
340,0.98954004376
341,0.983971393587
342,0.990778793358
343,0.981525490514
344,0.973693196311
345,0.95635787912
346,0.950559652076
347,0.951742740122
348,0.964175261018
349,0.979324632963
350,0.987751200603
351,0.989324542142
352,0.990348400373
353,0.99285975203
354,0.995274368805
355,0.995134553611
356,0.99328072051
357,0.990456442385
358,0.986370471861
359,0.994089966106
360,0.987448357336
361,0.986369963987
362,0.986132559519
363,0.982077592088
364,0.988310682285
365,0.993282585994
366,0.99281900543
367,0.98659546118
368,0.99787844559
369,0.993628616651
370,0.990381619357
371,0.989464628607
372,0.992787730641
373,0.990058070766
374,0.992734139279
375,0.987835175815
376,0.988860292822
377,0.989011350477
378,0.985924577066
379,0.986043110841
380,0.991925654888
381,0.980839743173
382,0.978108091413
383,0.973821550871
384,0.963445396696
385,0.960939084701
386,0.949103427971
387,0.943356622302
388,0.896725256168
389,0.836449279864
390,0.815597134669
391,0.844640943113
392,0.894199157899
393,0.923120807288
394,0.931110851114
395,0.909253517705
396,0.855502070412
397,0.846927167818
398,0.884443796783
399,0.909387269431
400,0.916050068855
401,0.917883143909
402,0.942151689969
403,0.954069844863
404,0.96070411576
405,0.962540030226
406,0.961944045624
407,0.962288459137
408,0.955952013455
409,0.953539305925
410,0.936173762119
411,0.8941867487
412,0.825887421207
413,0.780029385513
414,0.804695618513
415,0.822389099429
416,0.808579722716
417,0.780621730587
418,0.791145509541
419,0.810756729557
420,0.85094517623
421,0.885133918431
422,0.874796272768
423,0.84040601906
424,0.828506721826
425,0.881724261483
426,0.913619128524
427,0.919869948753
428,0.918459238364
429,0.906853175068
430,0.922813348668
431,0.926468252392
432,0.913074646421
433,0.890294042982
434,0.843380040981
435,0.792465934318
436,0.743040392653
437,0.679089542628
438,0.632803411649
439,0.636314099778
440,0.699311304472
441,0.787072866647
442,0.842059721891
443,0.881260675266
444,0.903795757685
445,0.909597237932
446,0.906429629138
447,0.902091645454
448,0.912249328176
449,0.937262605943
450,0.954347129926
451,0.957877731278
452,0.97431506162
453,0.977814631684
454,0.974876963697
455,0.979027248261
456,0.979080870561
457,0.978093904117
458,0.977171870273
459,0.975664336809
460,0.96443198423
461,0.957752000031
462,0.931554789776
463,0.868661689486
464,0.813894460446
465,0.834825141888
466,0.888650618484
467,0.928003295311
468,0.936741852212
469,0.920067650499
470,0.86274697065
471,0.792337504589
472,0.791014036271
473,0.857323308251
474,0.898414461313
475,0.919393803382
476,0.92051844588
477,0.918810992456
478,0.909582908949
479,0.912758340781
480,0.923129792619
481,0.944443007901
482,0.955175530239
483,0.966723353939
484,0.964757245496
485,0.964810170277
486,0.97036748461
487,0.969508704061
488,0.958551922724
489,0.932706853486
490,0.897541792294
491,0.859701372768
492,0.833162421725
493,0.832230662606
494,0.845864125922
495,0.866635509128
496,0.841296874945
497,0.801909175258
498,0.807004922907
499,0.874941620647
500,0.932813814187
501,0.955031088645
502,0.976272834995
503,0.976619850941
504,0.982085499543
505,0.978715982229
506,0.977498097012
507,0.976214862242
508,0.975453241319
509,0.966506058415
510,0.959319008488
511,0.943912176176
512,0.898952791813
513,0.819510570531
514,0.777344766909
515,0.817447565929
516,0.863263974427
517,0.876165981758
518,0.834287670832
519,0.755174621638
520,0.668319285086
521,0.635298813769
522,0.667283177479
523,0.752044384539
524,0.827447701911
525,0.882622414728
526,0.915280249945
527,0.936189928761
528,0.955371693575
529,0.969201405253
530,0.966806020703
531,0.973519980759
532,0.961622628477
533,0.96027137635
534,0.965385925548
535,0.968802815749
536,0.962618069526
537,0.950814829914
538,0.908829217727
539,0.838452842293
540,0.841210346279
541,0.88078599493
542,0.937714135519
543,0.960309757451
544,0.971275820783
545,0.979465624086
546,0.98693741554
547,0.985619195234
548,0.989856681482
549,0.987852127873
550,0.986501055126
551,0.979527690489
552,0.974645633352
553,0.957536799686
554,0.959256834156
555,0.954569018625
556,0.968550033859
557,0.9682764006
558,0.967119851211
559,0.96952761417
560,0.969940754296
561,0.967639434479
562,0.95846945687
563,0.921954172251
564,0.865350745272
565,0.819961328574
566,0.848434886297
567,0.906781014865
568,0.938992290602
569,0.957563166806
570,0.973911054747
571,0.971935914435
572,0.985701144354
573,0.983104632344
574,0.977529556647
575,0.971953866238
576,0.984216463969
577,0.984205262651
578,0.975486406016
579,0.966275527621
580,0.9493044543
581,0.924932052697
582,0.894434065997
583,0.861345894114
584,0.859690592446
585,0.863471306322
586,0.869348436559
587,0.86559718754
588,0.856604948318
589,0.817607762261
590,0.778049400115
591,0.776716453103
592,0.808537320418
593,0.84648831337
594,0.880741112646
595,0.909099766785
596,0.945129278437
597,0.958682634671
598,0.977022152763
599,0.97986183441
600,0.984471695812
601,0.986361566114
602,0.984252616922
603,0.986962202064
604,0.981804276953
605,0.986940068038
606,0.984273320203
607,0.991573821015
608,0.988841454969
609,0.987059743283
610,0.985277834765
611,0.989825206049
612,0.984206001198
613,0.991902504309
614,0.985462777025
615,0.989355114257
616,0.991214016495
617,0.987430476842
618,0.986271151185
619,0.988589527195
620,0.98378805779
621,0.986664379648
622,0.98501252799
623,0.968199053766
624,0.927229095852
625,0.888913076517
626,0.898152496266
627,0.931059205524
628,0.956714998416
629,0.975118672124
630,0.97704388557
631,0.982810596056
632,0.987986944919
633,0.990569891902
634,0.990723191359
635,0.987362761294
636,0.999239983325
637,0.99551838637
638,0.991139493593
639,0.98777834289
640,0.987832995275
641,0.99416193768
642,0.996877918582
643,0.997195909911
644,0.986408909904
645,0.986529215476
646,0.985893783231
647,0.976353067889
648,0.963393608539
649,0.943728417261
650,0.939376614508
651,0.957111518798
652,0.969424892927
653,0.977860795926
654,0.988796003975
655,0.987996004968
656,0.993113766797
657,0.986297104841
658,0.996347426914
659,0.979073584425
660,0.973241538829
661,0.971782691386
662,0.977887892149
663,0.980408793059
664,0.97763443971
665,0.981010832639
666,0.979913858255
667,0.968026552648
668,0.956137929585
669,0.932634067588
670,0.93637082913
671,0.946853380998
672,0.948682791247
673,0.974666818677
674,0.985679792565
675,0.985043291684
676,0.978548135984
677,0.989530241589
678,0.990276364189
679,0.992174729968
680,0.988147581181
681,0.979543755384
682,0.976601962875
683,0.979356071885
684,0.977994486575
685,0.972417732617
686,0.970792158172
687,0.960603698984
688,0.935296804165
689,0.911633957978
690,0.885333369255
691,0.855011085847
692,0.867379067116
693,0.889928254079
694,0.925263097206
695,0.941162483185
696,0.952055244825
697,0.953953385784
698,0.950612117169
699,0.934286043702
700,0.91390441643
701,0.890784922912
702,0.879166218082
703,0.886862385785
704,0.905932183174
705,0.937893959129
706,0.959639134656
707,0.969583444885
708,0.978935365688
709,0.982353055778
710,0.981055621718
711,0.986188633172
712,0.988848773798
713,0.982439422112
714,0.987969160502
715,0.984164839966
716,0.989893207979
717,0.986055583199
718,0.985846455053
719,0.986231160449
720,0.986417945342
721,0.989904322085
722,0.982303911324
723,0.987275419018
724,0.981588087527
725,0.993721769535
726,0.987704115238
727,0.986801833036
728,0.982103466947
729,0.985525133826
730,0.988881156784
731,0.982762517964
732,0.98757145995
733,0.984951947253
734,0.978435834167
735,0.97799493463
736,0.971081430768
737,0.960534399149
738,0.962074045091
739,0.968336973993
740,0.966640227506
741,0.974886053092
742,0.978904410243
743,0.981799987052
744,0.983506520191
745,0.979827758895
746,0.980642248475
747,0.978185526249
748,0.971763094707
749,0.975121901014
750,0.974548252932
751,0.969049969172
752,0.976210241039
753,0.960365379742
754,0.926602218614
755,0.901860180283
756,0.905976783702
757,0.945139418199
758,0.952862834
759,0.965183220692
760,0.958160559375
761,0.961289368496
762,0.961772840642
763,0.965001418327
764,0.977094389883
765,0.985814896041
766,0.982892763117
767,0.984866186439
768,0.988063868367
769,0.981138211891
770,0.980101058322
771,0.973802851584
772,0.967371584769
773,0.965175293321
774,0.957088169072
775,0.968989544637
776,0.971823701905
777,0.97985467512
778,0.984907492461
779,0.989431234598
780,0.989552614317
781,0.984277711887
782,0.988437988225
783,0.988724881865
784,0.988680691028
785,0.98582184822
786,0.983790570025
787,0.98881302645
788,0.986748569451
789,0.982564145529
790,1.00471182655
791,1.07240827648
792,1.02287785147
793,0.989409112979
794,0.980154760796
795,0.977989618201
796,0.973836204524
797,0.970311904998
798,0.970796852237
799,0.965813857237
800,0.946811569036
801,0.930193460384
802,0.935117695749
803,0.948528054851
804,0.962834924334
805,0.958048718148
806,0.962743542616
807,0.94791108106
808,0.908674125582
809,0.869764366076
810,0.895279620486
811,0.915425548572
812,0.949933495685
813,0.961926066454
814,0.978961382872
815,0.974538262584
816,0.980629807147
817,0.981248536556
818,0.98272987357
819,0.983348789487
820,0.981744830894
821,0.980406133962
822,0.988889151315
823,0.985128284658
824,0.982727610529
825,0.982218357634
826,0.980580608447
827,0.980104369826
828,0.976707084802
829,0.979915216895
830,0.98431879314
831,0.975708982291
832,0.97144747777
833,0.962669972133
834,0.949541728867
835,0.900018131538
836,0.846437623198
837,0.83931165147
838,0.893393995227
839,0.9341637644
840,0.954344554392
841,0.974726906133
842,0.977804384603
843,0.97629771434
844,0.976751022059
845,0.967004402792
846,0.954997287659
847,0.953289633167
848,0.952778076949
849,0.955789068421
850,0.966909488744
851,0.964138571752
852,0.96243095102
853,0.961487649062
854,0.948976225274
855,0.925193925979
856,0.882957905615
857,0.847632532922
858,0.798205681567
859,0.733544457218
860,0.684770730857
861,0.670609433001
862,0.704634959822
863,0.757920788223
864,0.817731556619
865,0.869599429946
866,0.910995026146
867,0.942415569454
868,0.962196007818
869,0.965377248534
870,0.97940526757
871,0.980691262829
872,0.985471273248
873,0.984162160167
874,0.984350441479
875,0.98626933291
876,0.986557600732
877,0.983417619054
878,0.983372897757
879,0.979400184843
880,0.988809561629
881,0.983005661486
882,0.988054831279
883,0.983815125823
884,0.9810400285
885,0.981694440004
886,0.975722007534
887,0.985434599382
888,0.980194412872
889,0.978284308111
890,0.976807000374
891,0.980659196406
892,0.979648228392
893,0.973873220176
894,0.976026781927
895,0.97348275977
896,0.968606067303
897,0.960330018877
898,0.942622484482
899,0.885189093471
900,0.835847779419
901,0.84999292738
902,0.902670306656
903,0.943753759778
904,0.957974018719
905,0.971229112644
906,0.970950267134
907,0.983240707958
908,0.973793390383
909,0.973848083013
910,0.97263563443
911,0.963119433457
912,0.946765468824
913,0.924373026625
914,0.897175167765
915,0.869807476012
916,0.883265951852
917,0.907100619938
918,0.924499298808
919,0.928087713958
920,0.920566079594
921,0.909339907334
922,0.897712051442
923,0.902801433441
924,0.889670152627
925,0.858448632579
926,0.793447112877
927,0.802637253522
928,0.87281319537
929,0.926239461937
930,0.952864798836
931,0.969010126624
932,0.973638672785
933,0.974828660514
934,0.981127604327
935,0.989831543591
936,0.983642402913
937,0.978487861449
938,0.978309117838
939,0.976760938218
940,0.979989108556
941,0.979476377779
942,0.988985397073
943,0.991179155195
944,0.984653206139
945,0.986446027381
946,0.983460913284
947,0.98555460808
948,0.983137201991
949,0.980953458071
950,0.98150999606
951,0.974145357105
952,0.976807338983
953,0.973085117939
954,0.966521046913
955,0.962864688412
956,0.939048203403
957,0.914460048233
958,0.922168423594
959,0.924193205279
960,0.943239121676
961,0.958040077847
962,0.966454962
963,0.978616695491
964,0.979407672811
965,0.981837755717
966,0.981123699657
967,0.987200539387
968,0.992341324829
969,0.990189095184
970,0.989475348815
971,0.985649683699
972,0.987478751983
973,0.982916326264
974,0.984812379249
975,0.990590953956
976,0.979969851408
977,0.979389134977
978,0.978975722227
979,0.971231080056
980,0.953676625247
981,0.937024136952
982,0.920637621471
983,0.920589094617
984,0.941200906652
985,0.958667261239
986,0.968768019803
987,0.97803264727
988,0.987465783648
989,0.984908915163
990,0.983892597002
991,0.982842665763
992,0.980787607727
993,0.981814517153
994,0.976207738992
995,0.968723994832
996,0.955878151503
997,0.936831557757
998,0.892548561805
999,0.827415160277
1000,0.815563901081
1001,0.875538874685
1002,0.931096087381
1003,0.950691451213
1004,0.961539531149
1005,0.973562206673
1006,0.994806099804
1007,0.983294895503
1008,0.987843524229
1009,0.984210750558
1010,0.982623161088
1011,0.985328029944
1012,0.985853226185
1013,0.984164840372
1014,0.980228955403
1015,0.984007702253
1016,0.980574549216
1017,0.979522887936
1018,0.978202711813
1019,0.981311170477
1020,0.981500844256
1021,0.968503351137
1022,0.952954050371
1023,0.934684714321
1024,0.864628879238
1025,0.799565976645
1026,0.811224557435
1027,0.868937790209
1028,0.927093939554
1029,0.942320167991
1030,0.958488141875
1031,0.960691092721
1032,0.973000687266
1033,0.979334797257
1034,0.976905280382
1035,0.979076189669
1036,0.981885434082
1037,0.977440515654
1038,0.971920295607
1039,0.963141283085
1040,0.955100284828
1041,0.946218547578
1042,0.934883365668
1043,0.937993594687
1044,0.945438429177
1045,0.96420756432
1046,0.968260855889
1047,0.972650652008
1048,0.980367985785
1049,0.980625134302
1050,0.987436315869
1051,0.983156249456
1052,0.983514441769
1053,0.986494721543
1054,0.988197859041
1055,0.988152960188
1056,0.989587410923
1057,0.979623623305
1058,0.987244846484
1059,0.980272636962
1060,0.984195535651
1061,0.981930734285
1062,0.979732942562
1063,0.977131281439
1064,0.970391982312
1065,0.955814069186
1066,0.945338675294
1067,0.910134742829
1068,0.885726724532
1069,0.89348196325
1070,0.912510286745
1071,0.946986246914
1072,0.960601757839
1073,0.971257251826
1074,0.969764136025
1075,0.973925380366
1076,0.971220492952
1077,0.97268935334
1078,0.964025625019
1079,0.961656371557
1080,0.945314854767
1081,0.912473494977
1082,0.854071911594
1083,0.771856761034
1084,0.67707147298
1085,0.60992425331
1086,0.615381158897
1087,0.683720787607
1088,0.77827334085
1089,0.860103826257
1090,0.909705559836
1091,0.939099839598
1092,0.963039613346
1093,0.971786879037
1094,0.974133238158
1095,0.973278732218
1096,0.959349292591
1097,0.973052226911
1098,0.973309675415
1099,0.980611241462
1100,0.984677890791
1101,0.977452956232
1102,0.979969250447
1103,0.964214236959
1104,0.960526810356
1105,0.939543038616
1106,0.888076561037
1107,0.832254475201
1108,0.826940107549
1109,0.890183825281
1110,0.938865600766
1111,0.957839642415
1112,0.971587897051
1113,0.980109473956
1114,0.987282719354
1115,0.99003757176
1116,0.985944262142
1117,0.983065064212
1118,0.983863217029
1119,0.986314822629
1120,0.982524066799
1121,0.985313334172
1122,0.981488342608
1123,0.979620401977
1124,0.976132168597
1125,0.975343826022
1126,0.969728355551
1127,0.9773789171
1128,0.959677075995
1129,0.949704552636
1130,0.935105337828
1131,0.891095050516
1132,0.818377779936
1133,0.775470221956
1134,0.81877482193
1135,0.875188193016
1136,0.907323962217
1137,0.924230124629
1138,0.941442217868
1139,0.938489322681
1140,0.924759504821
1141,0.907041573921
1142,0.881246713061
1143,0.860652294453
1144,0.849043696606
1145,0.84912581531
1146,0.859075774133
1147,0.890081689498
1148,0.916629827008
1149,0.951698515031
1150,0.952124518154
1151,0.969655172091
1152,0.980021059298
1153,0.999516128245
1154,0.984189800483
1155,0.988167957898
1156,0.987040777043
1157,0.993657128922
1158,0.986409248034
1159,0.992688128064
1160,0.984086530456
1161,0.991245386906
1162,0.98636344914
1163,0.984017955627
1164,0.982687052873
1165,0.986159933621
1166,0.973156803454
1167,0.964110814283
1168,0.960579113139
1169,0.95968639231
1170,0.965629284286
1171,0.975836958413
1172,0.986451924702
1173,0.988741995432
1174,0.991980068168
1175,0.983134124988
1176,0.985999878
1177,0.981079611713
1178,0.972570089669
1179,0.964567460141
1180,0.958730923942
1181,0.956415307799
1182,0.956910084192
1183,0.973423187548
1184,0.976323561619
1185,0.980748377435
1186,0.983954339923
1187,0.988312350046
1188,0.989317239732
1189,0.985748868019
1190,0.975946391127
1191,0.972410729806
1192,0.980564182639
1193,0.974554805926
1194,0.977389127011
1195,0.972022763797
1196,0.972518826556
1197,0.960068075307
1198,0.952191628378
1199,0.941670378316
1200,0.920300522918
1201,0.904555639104
1202,0.876502528003
1203,0.825493242344
1204,0.75698269581
1205,0.675036827781
1206,0.584705889446
1207,0.51413514747
1208,0.49822511158
1209,0.546685001346
1210,0.632595351673
1211,0.724315743145
1212,0.804038447663
1213,0.860464943909
1214,0.905431152492
1215,0.929571202969
1216,0.946351390688
1217,0.958213490958
1218,0.954603493745
1219,0.953470335306
1220,0.959735289649
1221,0.956124760321
1222,0.930825665026
1223,0.887907409243
1224,0.834189846031
1225,0.854877073522
1226,0.911518165506
1227,0.940631899267
1228,0.962177573791
1229,0.970653284282
1230,0.980114697075
1231,0.970696408496
1232,0.971566978969
1233,0.954879228182
1234,0.946137160932
1235,0.919426071226
1236,0.888058314599
1237,0.821154450435
1238,0.741843205678
1239,0.653791619632
1240,0.597938951804
1241,0.604870641699
1242,0.664471541828
1243,0.750822759388
1244,0.831644549947
1245,0.879509698346
1246,0.915144861395
1247,0.914211563504
1248,0.884011652315
1249,0.834262168072
1250,0.84032708744
1251,0.892016858119
1252,0.948132429913
1253,0.960903115736
1254,0.977585606852
1255,0.987196984583
1256,0.990212130035
1257,0.988296341864
1258,0.998420146561
1259,0.993613528097
1260,0.996731776177
1261,0.998081517582
1262,0.995247130204
1263,0.995916530941
1264,1.00145122072
1265,0.995384219848
1266,0.999354300814
1267,1.00012617538
1268,0.992798935482
1269,0.989758914657
1270,0.980932737035
1271,0.969280549663
1272,0.969744578645
1273,0.970753301166
1274,0.979659876924
1275,0.987273805024
1276,0.993186312558
1277,0.985378223111
1278,0.983596049423
1279,0.983209792425
1280,0.972709545762
1281,0.958325751319
1282,0.954089469934
1283,0.960240864926
1284,0.967346687851
1285,0.97952878134
1286,0.992223254013
1287,0.997969440762
1288,0.997038699958
1289,0.998083986385
1290,0.999436051888
1291,1.00177645305
1292,0.992258276801
1293,0.995893540431
1294,0.989373066632
1295,0.987521216937
1296,0.993508697641
1297,0.991725046598
1298,0.979919058836
1299,0.98045259982
1300,0.975497261423
1301,0.969859458726
1302,0.966846455515
1303,0.983439843481
1304,0.979983965966
1305,0.981643080067
1306,1.00168473722
1307,0.989736791443
1308,1.00432386147
1309,1.00608708661
1310,1.00802107631
1311,1.0071579117
1312,1.01103681483
1313,1.00809250988
1314,1.01360968363
1315,1.01063106591
1316,1.01082565199
1317,1.00648148724
1318,1.01333083196
1319,1.00594873838
1320,1.01167248403
1321,1.00439184812
1322,1.00308416187
1323,1.01119838234
1324,1.0008780164
1325,1.00376934565
1326,0.997373899852
1327,0.998933676224
1328,0.993015284457
1329,0.98163226462
1330,0.967925624029
1331,0.967878846063
1332,0.968856729637
1333,0.971201026901
1334,0.972862404047
1335,0.981117134189
1336,0.988484565286
1337,0.996092002087
1338,0.995431813837
1339,0.99306308336
1340,0.996913255239
1341,0.988119764774
1342,0.986467884054
1343,0.983619611393
1344,0.985624451567
1345,0.974196339155
1346,0.972338177731
1347,0.96483926664
1348,0.949852531629
1349,0.910213800079
1350,0.877374506087
1351,0.897940801939
1352,0.943813700037
1353,0.977722975033
1354,0.985029452028
1355,0.994867631463
1356,0.996566680547
1357,0.999189453933
1358,1.00232563052
1359,0.998859889042
1360,0.998917447486
1361,0.998324972314
1362,0.991608012517
1363,1.00309350346
1364,0.995691673003
1365,1.00296959785
1366,1.00265096554
1367,1.00199005172
1368,1.00119215588
1369,0.995499503306
1370,0.996549582733
1371,0.990068661429
1372,0.974104078872
1373,0.950400246697
1374,0.90467845709
1375,0.869531636755
1376,0.900571019922
1377,0.947332080455
1378,0.970023460938
1379,0.986107562595
1380,0.998015002253
1381,1.00231984481
1382,1.00850915953
1383,1.00551856048
1384,1.01081806473
1385,1.00995137552
1386,0.99884024663
1387,1.00996516011
1388,1.00690525013
1389,1.00422193424
1390,1.00589058795
1391,1.01102089568
1392,1.00936556886
1393,0.999209639578
1394,1.00759684416
1395,1.01015744955
1396,1.00983868032
1397,1.00811423973
1398,1.01033246114
1399,1.00517907694
1400,1.01120354285
1401,1.01211924284
1402,1.00710224349
1403,0.999718264501
1404,1.00763017693
1405,1.00312654291
1406,1.00140081781
1407,0.991339123632
1408,0.997091130267
1409,1.00943085002
1410,1.00770509033
1411,1.00838093679
1412,1.01060096852
1413,1.01117411406
1414,1.00375135792
1415,1.00065199339
1416,0.987118556757
1417,0.977221836852
1418,0.981637662495
1419,0.981797403634
1420,0.98813644899
1421,0.994338902086
1422,1.00002707253
1423,1.00022224948
1424,0.999524679015
1425,1.01108615561
1426,1.00843167991
1427,1.01000111886
1428,1.00696847548
1429,1.00541241253
1430,1.00756588606
1431,1.00611273125
1432,1.00452199545
1433,0.998086993695
1434,1.00017182744
1435,1.00160407833
1436,1.00578538746
1437,0.99831807464
1438,1.00844484574
1439,1.00850322226
1440,1.00649945879
1441,1.00638587393
1442,1.00713160322
1443,1.00028052563
1444,1.00185103751
1445,0.999193106449
1446,0.99467829059
1447,0.984249067914
1448,0.97818553688
1449,0.969611050331
1450,0.972727837449
1451,0.985440078212
1452,0.98983068463
1453,0.998417989488
1454,1.00673111349
1455,1.00369353632
1456,1.00946225715
1457,1.00666530699
1458,1.00493458655
1459,1.00685080301
1460,1.01351567694
1461,1.01047743665
1462,1.00165747007
1463,1.01503411447
1464,1.00380420428
1465,0.995567438546
1466,0.995384213385
1467,0.993479821102
1468,0.986032796896
1469,0.97586518314
1470,0.990657347107
1471,0.985515734034
1472,1.00099883156
1473,0.994514260883
1474,1.00827783185
1475,1.00148298107
1476,0.993516351661
1477,1.0070756029
1478,1.000486169
1479,0.997478446462
1480,0.985341420697
1481,0.971514893085
1482,0.952587734173
1483,0.92139244056
1484,0.871690180663
1485,0.852547178693
1486,0.889021816876
1487,0.934943519291
1488,0.963258998518
1489,0.975654065412
1490,0.990394455739
1491,0.988625003514
1492,0.988337679955
1493,0.981155345197
1494,0.970731348473
1495,0.958651154096
1496,0.938776874009
1497,0.939486575758
1498,0.939644601527
1499,0.947320790925
1500,0.964620277616
1501,0.974161319169
1502,0.983255061475
1503,0.992177385928
1504,0.99133811765
1505,0.988704807522
1506,0.993764899592
1507,0.971361240402
1508,0.947816313858
1509,0.911984176175
1510,0.907447495593
1511,0.937455760109
1512,0.967260435779
1513,0.984332551431
1514,0.995435214522
1515,0.998979510354
1516,0.995792624322
1517,1.00268608438
1518,0.993560741501
1519,1.00083467077
1520,1.00023682819
1521,0.996531122963
1522,1.00056038827
1523,0.998408348077
1524,0.995703464522
1525,0.991513086226
1526,0.981622942191
1527,0.97943475619
1528,0.979008115607
1529,0.972501134087
