0,0.93731277548
1,1.01139855784
2,0.98047487217
3,0.956584329466
4,0.963628326005
5,0.984230381494
6,0.986090105535
7,0.996722100818
8,0.99286879758
9,1.00288576038
10,0.997672863539
11,0.992242617782
12,0.981526938305
13,0.973312453837
14,0.964787221759
15,0.970912517509
16,0.97929584926
17,0.975901053277
18,0.981379982096
19,0.989179349751
20,0.974465042413
21,0.970666286653
22,0.954493243936
23,0.94097750623
24,0.928665697158
25,0.926222273001
26,0.916227454496
27,0.890198803006
28,0.834852798695
29,0.753616626496
30,0.660197192198
31,0.584314287939
32,0.571460974111
33,0.635901777918
34,0.737552244883
35,0.833709830419
36,0.909038932901
37,0.953712318318
38,0.969703644382
39,0.980988177154
40,0.993266682006
41,0.993429281411
42,0.992631023124
43,0.989352634084
44,0.985019487051
45,0.984437175142
46,0.980660814328
47,0.975395103331
48,0.980084243858
49,0.972522040104
50,0.983105946701
51,0.98674245369
52,0.996119860636
53,1.00053420138
54,0.999828794739
55,0.998781834168
56,1.00232865457
57,0.999605378339
58,0.993932103898
59,1.0012365554
60,0.998947082532
61,0.997495663627
62,1.00144828593
63,1.00300989407
64,1.00277000821
65,0.999423187322
66,1.00319117885
67,1.00301338866
68,1.00320850231
69,0.999052247382
70,0.991475837007
71,0.99064394037
72,0.997180432725
73,0.992866405083
74,1.00469098994
75,1.0044199063
76,1.00119392511
77,1.00048693609
78,0.997011019569
79,0.996956836367
80,1.00163231321
81,0.995603660029
82,0.994024310371
83,0.988678423255
84,0.97953372016
85,0.972846591034
86,0.965846748411
87,0.970179867282
88,0.975043275277
89,0.992863894704
90,0.997450270725
91,0.999950456621
92,0.999865346718
93,0.998845496015
94,0.997295707012
95,0.997272628304
96,1.00192459042
97,0.998099220847
98,0.995956431124
99,0.997616737401
100,0.989642862698
101,0.996946960155
102,0.993680482287
103,0.992035177362
104,0.984494175489
105,0.980944668759
106,0.979328760665
107,0.972564204307
108,0.96149196247
109,0.939369724988
110,0.907068031748
111,0.864833484592
112,0.834109705429
113,0.85139760707
114,0.892481893133
115,0.920958692801
116,0.94291411147
117,0.941604844536
118,0.934079152983
119,0.911962769639
120,0.898433791028
121,0.915929864692
122,0.942273186521
123,0.963621422008
124,0.986693105538
125,0.990232434273
126,0.996648636662
127,1.00835005343
128,1.00626427959
129,1.00424062357
130,1.00997282488
131,1.00575964038
132,1.00361018536
133,1.00374408702
134,1.00372157567
135,1.00664043993
136,1.00555420791
137,1.01066469439
138,1.00579124508
139,0.997035092082
140,0.995665667077
141,0.99066394481
142,0.969503331804
143,0.955259422178
144,0.935562897949
145,0.926418297315
146,0.940234163125
147,0.944841918414
148,0.947977969437
149,0.960108136337
150,0.977129727388
151,0.982620741929
152,0.984727537787
153,0.995925971621
154,0.995777204237
155,0.997917351459
156,1.000340165
157,1.00320254097
158,0.998851541132
159,1.01112483255
160,1.01116576092
161,1.01876800125
162,1.01240862592
163,1.00871534297
164,1.01368338522
165,1.01099387778
166,1.01816052902
167,1.01892427111
168,1.01752176036
169,1.01787738764
170,1.01144989193
171,1.00656001522
172,1.01253704049
173,1.01157294103
174,1.0137188853
175,1.00917285095
176,1.01376998632
177,1.01233422346
178,1.01281536461
179,1.01864016707
180,1.01296060882
181,1.00922911255
182,1.00788647257
183,1.01009691417
184,1.01089261082
185,1.00854326037
186,0.993674201417
187,0.984590462624
188,0.971666515022
189,0.975888358627
190,0.969097172396
191,0.971336914622
192,0.96287570099
193,0.951548249039
194,0.913490900421
195,0.854677453132
196,0.766001550569
197,0.693682689773
198,0.664905410606
199,0.721637743925
200,0.816529080086
201,0.893356705921
202,0.946601287144
203,0.971150851173
204,0.987070730464
205,0.996343823117
206,1.00880236136
207,1.01792198674
208,1.01191070219
209,1.02629801955
210,1.01779524093
211,1.01897238209
212,1.02084363809
213,1.02473402517
214,1.0168269555
215,1.01850927272
216,1.01760461935
217,1.01108282787
218,1.01172362084
219,1.00955549083
220,1.01758262611
221,1.01547779108
222,1.01545628608
223,1.01208777934
224,1.00789753095
225,0.993094877422
226,0.988491195375
227,0.989067074408
228,0.980797383148
229,0.960456690425
230,0.94071216363
231,0.897041195692
232,0.880541333958
233,0.896657586243
234,0.929246671814
235,0.96335999258
236,0.998460517384
237,0.999196127521
238,0.999172904129
239,0.999655718633
240,1.00032841859
241,0.996825542134
242,1.00395213437
243,1.00570127285
244,0.99574248447
245,0.999579857209
246,0.986548269982
247,0.983801485878
248,0.980009448443
249,0.97175251052
250,0.968465060092
251,0.958685204704
252,0.942220906967
253,0.925246424458
254,0.924233526392
255,0.949863352213
256,0.974199468854
257,0.991664628314
258,0.994492668419
259,0.992218690846
260,0.997424609746
261,0.990649099285
262,0.983935590827
263,0.97928160222
264,0.955981396839
265,0.947010591865
266,0.901849758501
267,0.849955033119
268,0.833230091061
269,0.844706141047
270,0.848379152979
271,0.861477518755
272,0.890986074563
273,0.921135536693
274,0.931452186262
275,0.924818718091
276,0.917294898574
277,0.912722489876
278,0.929044374007
279,0.947052872567
280,0.964620438059
281,0.996930879118
282,0.998781678088
283,1.00225324233
284,1.0024526538
285,0.998075963196
286,0.995764198246
287,1.00247900001
288,1.00951308382
289,1.00395900445
290,1.00361819765
291,1.00572581146
292,0.99883392702
293,1.00253174173
294,1.00486255946
295,1.00175404156
296,1.00465793534
297,1.00298057904
298,1.01072210891
299,1.00726283162
300,1.01691611919
301,1.01527117182
302,1.01181128808
303,1.01252150111
304,1.01854941079
305,1.0144837344
306,1.01621359101
307,1.01883565129
308,1.01773123775
309,1.01783720533
310,1.0150437981
311,1.01903701618
312,1.014203591
313,1.01421362088
314,1.00851806708
315,1.00317198561
316,1.00968467954
317,1.00239263593
318,1.00402773163
319,0.998391930703
320,1.00056916043
321,1.00472452272
322,1.00406364498
323,1.00764595374
324,1.00353917654
325,1.01417458599
326,1.01887608406
327,1.01266260468
328,1.01228943345
329,1.01769454916
330,1.01387360127
331,1.00986026788
332,1.01181787881
333,1.00946426884
334,1.01212495644
335,1.00421251522
336,1.0094609982
337,1.00113125888
338,0.998327938376
339,0.990858162517
340,0.970889938125
341,0.952100235098
342,0.940851060597
343,0.937048864274
344,0.94632352984
345,0.957454861082
346,0.942107924513
347,0.939711598191
348,0.947838849706
349,0.964733451547
350,0.990430148833
351,0.998469259888
352,0.995021526905
353,0.996725847317
354,0.989148158011
355,0.992420784472
356,0.988490752755
357,0.987249428005
358,0.978354690842
359,0.968529369316
360,0.944513470388
361,0.899127455363
362,0.854757055607
363,0.845235060155
364,0.879832462311
365,0.939624508688
366,0.977668223014
367,0.992322131446
368,1.00037575841
369,0.996857967178
370,1.00491375726
371,1.00405711459
372,1.00041032893
373,1.00484489917
374,1.00491816266
375,1.00085329806
376,1.00269066809
377,1.00064609502
378,0.995777285383
379,0.995400346968
380,1.00291881167
381,1.00745366331
382,1.00261562679
383,0.999381852922
384,0.997656519992
385,1.00585352514
386,1.00666564716
387,0.996685942111
388,1.00324718401
389,0.995417451989
390,1.00075903062
391,0.99665476656
392,0.989561000966
393,0.984619077081
394,0.990733189709
395,0.986143956958
396,0.985829631862
397,0.973940235431
398,0.966453735462
399,0.943014524265
400,0.909181758336
401,0.878944505906
402,0.880581063028
403,0.867965290887
404,0.813485289469
405,0.713684606425
406,0.636198090173
407,0.65654258264
408,0.746357379501
409,0.844657937645
410,0.863388752759
411,0.83556207223
412,0.751147890308
413,0.686233345068
414,0.714843942342
415,0.811270455617
416,0.842735349988
417,0.831063608626
418,0.855834643248
419,0.909486554316
420,0.94023374664
421,0.946747383601
422,0.938594338045
423,0.928569603203
424,0.91786562564
425,0.896485410829
426,0.863329046195
427,0.810071152849
428,0.697963663893
429,0.593833330745
430,0.578408904387
431,0.619611708388
432,0.61009242904
433,0.553578902517
434,0.523618488393
435,0.543236443077
436,0.604474039422
437,0.692007409859
438,0.718785861971
439,0.684725567041
440,0.652305316868
441,0.701021217264
442,0.781503768992
443,0.816835377811
444,0.79049011194
445,0.772476756083
446,0.782383390624
447,0.787734628478
448,0.774596503766
449,0.714965849484
450,0.616943476814
451,0.511269021809
452,0.440725486542
453,0.393001281999
454,0.364933684292
455,0.386905542284
456,0.479412420525
457,0.622512548511
458,0.745320723771
459,0.820806860523
460,0.834649694963
461,0.840597057244
462,0.82498464623
463,0.787546598894
464,0.780603316489
465,0.843997049115
466,0.911517431301
467,0.945851275183
468,0.960075412739
469,0.965781910339
470,0.974114125723
471,0.974962601927
472,0.968681451271
473,0.9654456645
474,0.957703496202
475,0.946263976811
476,0.930834133437
477,0.900290790693
478,0.851029543998
479,0.76909857018
480,0.658801427006
481,0.65828736875
482,0.753024600719
483,0.846354300388
484,0.874902232385
485,0.846663649208
486,0.767138057585
487,0.65825194838
488,0.618781577177
489,0.7037151169
490,0.824546162944
491,0.882014461057
492,0.874898185153
493,0.879700726503
494,0.896653268587
495,0.904577925813
496,0.913284045387
497,0.923064324586
498,0.936551419947
499,0.946531255402
500,0.939935859241
501,0.946277271591
502,0.953432819562
503,0.952883839414
504,0.954123256228
505,0.932890312978
506,0.899585953055
507,0.854141268804
508,0.823651760425
509,0.800248554628
510,0.789010024236
511,0.798694020936
512,0.7608953152
513,0.67442696895
514,0.655194777683
515,0.74310190529
516,0.868601930715
517,0.932030225953
518,0.955740421819
519,0.972127336034
520,0.969396906558
521,0.970412283888
522,0.966703667564
523,0.959670670135
524,0.95390709482
525,0.939212311332
526,0.910074971065
527,0.87656327501
528,0.795706933259
529,0.686336535641
530,0.609355710706
531,0.663132641878
532,0.776509534167
533,0.850180700942
534,0.836961389885
535,0.781488691648
536,0.689981303786
537,0.63516638744
538,0.645547227435
539,0.715530635274
540,0.810109399631
541,0.88028853439
542,0.914371423993
543,0.933440851226
544,0.940627105909
545,0.939388421902
546,0.938704765404
547,0.928808665382
548,0.902444162147
549,0.897116534101
550,0.896950921864
551,0.916328918344
552,0.905052365175
553,0.877755958042
554,0.817205796286
555,0.719500437422
556,0.684948938396
557,0.766222795392
558,0.877538257756
559,0.947401710027
560,0.960064842662
561,0.972076350866
562,0.975386875259
563,0.973233262781
564,0.978573700731
565,0.967255393744
566,0.966540521638
567,0.949685846029
568,0.927065124225
569,0.884170631742
570,0.856560338441
571,0.862481818701
572,0.895656852524
573,0.935226928394
574,0.941682928737
575,0.943225460674
576,0.934314953553
577,0.927598308063
578,0.902656654231
579,0.854534397541
580,0.753522482892
581,0.684587138972
582,0.715876826407
583,0.82555032771
584,0.917700794191
585,0.956208909971
586,0.967760134944
587,0.977148520053
588,0.979943836979
589,0.96951536052
590,0.967814338853
591,0.962239966739
592,0.957550685231
593,0.949216383535
594,0.933886975605
595,0.908309445308
596,0.865682711274
597,0.813489498649
598,0.717993293476
599,0.659728598407
600,0.681417124663
601,0.74408318417
602,0.792271141509
603,0.800999527552
604,0.787083911869
605,0.723299579007
606,0.654800441999
607,0.644579883066
608,0.719291009825
609,0.80253551717
610,0.863893883949
611,0.913522827875
612,0.943227457836
613,0.973201672191
614,0.983078544751
615,0.98733050816
616,0.984376059279
617,0.988694904458
618,1.00525989588
619,0.995228452249
620,0.988421434477
621,0.996364640649
622,0.992388382134
623,0.998686977029
624,0.992865555762
625,0.989711187674
626,0.983920491893
627,0.982609633724
628,0.978728182495
629,0.979690463973
630,0.990310174399
631,0.99559211005
632,0.992040053823
633,0.995938555068
634,0.994562055164
635,0.989293906134
636,0.990060165881
637,0.976676166141
638,0.95352476458
639,0.926079438156
640,0.863620132508
641,0.788871762722
642,0.79354419355
643,0.873834428495
644,0.949751713078
645,0.979731083164
646,0.993010469688
647,0.999457526569
648,1.00230637725
649,1.00357052783
650,1.009723534
651,1.00507557747
652,1.00984247486
653,1.00793598549
654,1.00288978715
655,1.00848421316
656,1.01447647632
657,1.00394206244
658,1.00874498718
659,1.00412596995
660,1.00423448685
661,0.994488097273
662,0.981630662554
663,0.964371155715
664,0.935728066134
665,0.902744707734
666,0.887257828953
667,0.927063821804
668,0.972438431857
669,0.990483205427
670,1.00227552326
671,0.997351854581
672,1.00381682236
673,1.00097838526
674,0.985786779925
675,0.985595404712
676,0.962051612803
677,0.949136657565
678,0.959907649047
679,0.984696950572
680,0.999616412334
681,0.997239046916
682,1.0027166419
683,0.995665080177
684,0.977572158265
685,0.961431533364
686,0.960673573303
687,0.960014939221
688,0.969472104597
689,0.989744942422
690,1.00169544813
691,1.00608400414
692,1.00158089382
693,1.00464298896
694,0.99572466038
695,0.997591865034
696,0.988040115894
697,0.984495387651
698,0.978360054874
699,0.969633274101
700,0.959343718423
701,0.949682991578
702,0.922315274758
703,0.885074965924
704,0.819120473505
705,0.733247930397
706,0.657492452778
707,0.625691050951
708,0.658266848173
709,0.762388007284
710,0.864404029853
711,0.923982074543
712,0.954509479409
713,0.972505575058
714,0.958142858856
715,0.953789598408
716,0.933333680337
717,0.915368684638
718,0.905552213748
719,0.913171726465
720,0.937267720941
721,0.972419941242
722,0.993365102267
723,1.00222933993
724,1.01182804
725,1.01803216981
726,1.01744359155
727,1.01698811648
728,1.00960375836
729,1.01164596208
730,1.01318882983
731,1.02112992378
732,1.02290744242
733,1.01541971837
734,1.02016366015
735,1.01757452496
736,1.01455139901
737,1.02033046524
738,1.01817402263
739,1.0227540931
740,1.0155274788
741,1.02094222629
742,1.0172168812
743,1.01042105625
744,1.01433538695
745,1.01888466288
746,1.01462343793
747,1.02164389566
748,1.01194042507
749,1.01038145881
750,0.995866273988
751,0.98916237018
752,0.973539542268
753,0.948594040766
754,0.94248408836
755,0.949335753328
756,0.975835945606
757,0.989509811025
758,1.00606083665
759,1.01105068162
760,1.01360137875
761,1.00759415083
762,1.00603249499
763,1.00333357591
764,1.00023275644
765,0.996094427179
766,0.984830375813
767,0.974500559429
768,0.955469621947
769,0.91722801109
770,0.844041117914
771,0.802197861638
772,0.827489884947
773,0.904272705965
774,0.954355986853
775,0.963165948513
776,0.9357454944
777,0.901219132212
778,0.904734152125
779,0.928850875299
780,0.971700006072
781,0.991406711735
782,1.00109870468
783,1.00837994743
784,1.01405402698
785,1.00789697642
786,0.999593095513
787,1.00510044336
788,1.00061691197
789,0.991269943738
790,0.995000684672
791,1.00701699853
792,1.00638940853
793,1.01347792182
794,1.0172798396
795,1.02802873138
796,1.0225369833
797,1.0290933607
798,1.02101584417
799,1.02277284621
800,1.01230906376
801,1.01789342528
802,1.01562082156
803,1.01418736142
804,1.00428906119
805,1.01293196439
806,1.00437522309
807,1.00871917612
808,1.00973727321
809,1.00063963606
810,0.992111396063
811,0.99417007588
812,0.984597064675
813,0.960160757728
814,0.941099287848
815,0.889177120724
816,0.832232118222
817,0.805615522042
818,0.838537801717
819,0.903396226343
820,0.944647677065
821,0.947376444627
822,0.941994742688
823,0.898576515701
824,0.827241861631
825,0.768314632632
826,0.811464014953
827,0.896917956206
828,0.964810731466
829,0.988965762775
830,0.997462339526
831,0.998212261498
832,0.999063427487
833,1.01164121971
834,1.01353876391
835,1.00694329628
836,1.00452614263
837,1.01222191046
838,1.00818647481
839,1.00057594167
840,1.00257468911
841,0.998401950117
842,0.998309632666
843,0.99157173347
844,0.996977860541
845,0.994186055171
846,0.996050440608
847,0.980399663311
848,0.967546883963
849,0.93990607753
850,0.880963773244
851,0.792870478879
852,0.709451397905
853,0.741848594475
854,0.857136241384
855,0.936677907802
856,0.972995880091
857,0.99158424215
858,0.995917458665
859,0.998257820189
860,0.990358159465
861,0.984146798026
862,0.98158496384
863,0.96769676205
864,0.971861151443
865,0.968586977509
866,0.971703979122
867,0.968598180492
868,0.964375402443
869,0.94337161805
870,0.909844411437
871,0.854281072528
872,0.79237698527
873,0.757840422914
874,0.737513011053
875,0.711019809572
876,0.679306767548
877,0.686221813952
878,0.732996896339
879,0.800916114979
880,0.865124452636
881,0.917524375272
882,0.962550173448
883,0.9880014305
884,0.990076299354
885,1.00872420329
886,1.00548039068
887,1.00708331003
888,1.00695758195
889,1.01032412026
890,1.01399659051
891,1.00854720103
892,1.00831982833
893,1.00934747501
894,1.01288576745
895,1.01306594014
896,1.0139247946
897,1.01274768834
898,1.01153638132
899,1.00550484511
900,0.999913283461
901,1.00022794033
902,0.993548002174
903,0.996884324684
904,0.993904414628
905,0.999007749005
906,0.990286523122
907,0.988969591052
908,0.984526454233
909,0.991635897958
910,0.973937976795
911,0.954128828636
912,0.946960454155
913,0.90521636848
914,0.847585023779
915,0.733188628494
916,0.689706487937
917,0.762125187491
918,0.875514145086
919,0.949194285798
920,0.962296482125
921,0.968085910508
922,0.972821690099
923,0.967654629831
924,0.949245721945
925,0.946934380898
926,0.921948316521
927,0.894777545707
928,0.843865829946
929,0.761746818382
930,0.67708904561
931,0.657202741104
932,0.723776854294
933,0.825016913625
934,0.878675781852
935,0.899289500941
936,0.897924094864
937,0.891411235442
938,0.871294664324
939,0.848070994391
940,0.802098464343
941,0.718603181754
942,0.651323778339
943,0.705801647688
944,0.842539755825
945,0.933727394883
946,0.967713965188
947,0.985328069681
948,0.989840604465
949,0.995685321783
950,0.990607657049
951,0.998570464621
952,0.996564961025
953,0.994627305678
954,0.997436312466
955,0.999323745929
956,0.994652998734
957,1.0021774709
958,1.00020519341
959,1.00417819992
960,1.00114629126
961,1.00300122569
962,1.00013941952
963,0.996490693496
964,0.99448226831
965,0.990421769636
966,0.995730496073
967,1.00008277048
968,0.987299207319
969,0.984570241989
970,0.976982440198
971,0.965560672453
972,0.950816960055
973,0.936377968422
974,0.933881377457
975,0.944084299473
976,0.96045195401
977,0.976035759591
978,0.994157071804
979,0.998754747158
980,1.0006476103
981,1.00127346251
982,0.998918936743
983,0.997317662295
984,1.00229519766
985,1.00107091642
986,0.992888702475
987,0.98761828685
988,0.994276777385
989,0.990788192608
990,0.987470273633
991,0.977087173255
992,0.964026561139
993,0.952026354036
994,0.931961799528
995,0.901051174625
996,0.846217723878
997,0.792298517888
998,0.766509872582
999,0.812555914815
1000,0.887173196924
1001,0.933002788537
1002,0.96009536366
1003,0.970539327558
1004,0.983217958722
1005,0.983740498638
1006,0.99322880289
1007,0.981041236048
1008,0.974588860441
1009,0.96765395758
1010,0.960683130299
1011,0.942127901463
1012,0.906828222787
1013,0.846287045861
1014,0.738697661959
1015,0.673653817855
1016,0.73088529282
1017,0.856057019341
1018,0.936952936365
1019,0.974383742007
1020,0.983645094502
1021,1.00061616486
1022,1.0029999602
1023,1.00163285788
1024,1.00157343445
1025,1.00781369386
1026,1.00183326035
1027,1.0063189053
1028,1.00161109653
1029,0.996902227935
1030,1.00007996273
1031,0.99326854422
1032,0.991761153966
1033,0.981398339665
1034,0.979958191944
1035,0.964077578756
1036,0.942850967684
1037,0.919034240599
1038,0.888213722866
1039,0.798048109996
1040,0.678965617928
1041,0.649797465948
1042,0.742201883942
1043,0.864740770881
1044,0.936353278406
1045,0.961990496323
1046,0.970380448443
1047,0.979048373045
1048,0.98782179479
1049,0.989313945562
1050,0.993153906559
1051,0.991815899435
1052,0.991755180377
1053,0.988517378658
1054,0.982826700797
1055,0.968913943168
1056,0.966605182422
1057,0.947677852633
1058,0.947819425142
1059,0.952557078657
1060,0.970256051043
1061,0.974651663869
1062,0.983645876726
1063,0.995131333361
1064,0.990368531862
1065,1.00199566517
1066,0.993774152725
1067,1.00125373844
1068,0.998599582462
1069,1.0045937844
1070,0.994811858447
1071,0.998073298881
1072,0.997182568505
1073,0.993280437292
1074,0.974285107841
1075,0.977372605241
1076,0.975198069498
1077,0.961249809034
1078,0.953151042594
1079,0.93729220402
1080,0.902343732604
1081,0.856301639519
1082,0.775498419416
1083,0.70659673274
1084,0.691082188973
1085,0.765676316919
1086,0.863372543984
1087,0.92368587748
1088,0.950486684874
1089,0.971329596707
1090,0.970538052616
1091,0.981260787836
1092,0.975336656732
1093,0.970798781074
1094,0.970110899491
1095,0.957001036325
1096,0.931083245566
1097,0.893776102923
1098,0.824735880244
1099,0.728811678474
1100,0.649321813765
1101,0.611549105117
1102,0.650997117427
1103,0.743659439598
1104,0.849784581227
1105,0.918035502386
1106,0.962608441988
1107,0.976789525721
1108,0.983989268505
1109,0.978853327663
1110,0.980250528365
1111,0.977685303005
1112,0.981968171691
1113,0.981001923696
1114,0.97586272493
1115,0.971556999006
1116,0.964815647642
1117,0.963186102493
1118,0.94774512289
1119,0.918174864504
1120,0.870260131908
1121,0.804690674626
1122,0.699707716141
1123,0.669538850338
1124,0.748778249919
1125,0.865463187998
1126,0.942584064173
1127,0.972883933949
1128,0.986403522184
1129,0.992263118204
1130,0.987673217336
1131,0.992732970738
1132,0.994135252544
1133,0.993690909417
1134,0.986276069857
1135,0.989142045085
1136,0.988313522105
1137,0.98490488248
1138,0.978740904823
1139,0.974005267438
1140,0.966269230701
1141,0.967844333361
1142,0.956303499998
1143,0.93628231366
1144,0.924281656603
1145,0.88617627928
1146,0.812220238484
1147,0.703099338454
1148,0.600236915364
1149,0.619506797014
1150,0.747194044216
1151,0.86153623188
1152,0.919118780364
1153,0.931832552071
1154,0.935397159526
1155,0.936307479744
1156,0.92201931142
1157,0.904967341269
1158,0.876064268748
1159,0.856591499476
1160,0.850222592882
1161,0.866226306125
1162,0.891219293123
1163,0.924680123603
1164,0.951119335557
1165,0.969170477456
1166,0.975752478586
1167,0.990627068463
1168,0.992874581446
1169,0.997537020386
1170,0.992751746545
1171,0.99587526088
1172,0.998859475938
1173,0.986441077885
1174,0.994746643863
1175,0.995875932625
1176,0.997460733532
1177,0.991270675897
1178,0.99681342324
1179,0.994370248786
1180,0.988107639776
1181,0.987239689102
1182,0.982271441195
1183,0.970818250907
1184,0.963253164687
1185,0.970514872746
1186,0.985912080988
1187,0.987182164919
1188,0.992976269987
1189,0.996983046944
1190,0.990257573893
1191,0.988126004105
1192,0.985853610457
1193,0.982071921017
1194,0.974008163818
1195,0.96257335697
1196,0.95699760274
1197,0.9644090062
1198,0.969926283219
1199,0.988752252067
1200,0.989989440947
1201,0.994317473947
1202,0.986598957369
1203,0.988538886458
1204,0.988863184494
1205,0.979946753989
1206,0.989406583531
1207,0.980523311346
1208,0.975890935509
1209,0.984650513934
1210,0.973689410375
1211,0.96996882159
1212,0.962273800435
1213,0.948633543716
1214,0.93857774441
1215,0.925177862782
1216,0.90399999318
1217,0.873317406072
1218,0.831367388923
1219,0.783812080432
1220,0.695804753567
1221,0.60577073078
1222,0.534339360275
1223,0.50049466693
1224,0.526433794399
1225,0.622566405513
1226,0.722348918882
1227,0.788655313809
1228,0.867906086785
1229,0.906586422449
1230,0.929771257709
1231,0.936362756368
1232,0.943519700205
1233,0.941936423712
1234,0.931962441135
1235,0.920998947208
1236,0.904708415619
1237,0.865526673669
1238,0.783871072066
1239,0.70304321571
1240,0.69878509072
1241,0.797690524038
1242,0.895454329857
1243,0.940129042919
1244,0.953790460746
1245,0.956088987174
1246,0.960823905759
1247,0.956274329168
1248,0.950770319198
1249,0.935588847106
1250,0.910161463341
1251,0.881690454616
1252,0.827918882756
1253,0.756469453202
1254,0.66196512759
1255,0.59652300216
1256,0.575951523674
1257,0.629816506868
1258,0.722226842387
1259,0.806774285684
1260,0.858315534608
1261,0.877546415742
1262,0.857559035956
1263,0.781043021146
1264,0.695346977556
1265,0.674305579107
1266,0.77250337685
1267,0.881057210835
1268,0.940441026742
1269,0.957115278237
1270,0.971810967354
1271,0.971675585888
1272,0.9787635201
1273,0.974556455854
1274,0.972013005423
1275,0.970567012799
1276,0.979075099665
1277,0.983971392348
1278,0.984652272216
1279,0.979344411066
1280,0.985412001777
1281,0.991232879929
1282,0.972063147474
1283,0.987066334941
1284,0.975054153052
1285,0.970911731568
1286,0.959285018688
1287,0.960495799177
1288,0.962487293874
1289,0.962811767433
1290,0.972503689793
1291,0.982943078698
1292,0.976349350036
1293,0.984058505684
1294,0.972138535075
1295,0.970795710519
1296,0.95716708953
1297,0.944991268442
1298,0.95451254504
1299,0.956434849129
1300,0.970364600422
1301,0.980354001262
1302,0.988498062274
1303,0.988932692501
1304,0.990575789685
1305,0.98450615448
1306,0.99052157661
1307,0.98683254643
1308,0.983853792782
1309,0.981301076685
1310,0.978036467903
1311,0.986224349298
1312,0.974706563919
1313,0.974784322203
1314,0.975217913632
1315,0.955438960034
1316,0.955870402131
1317,0.956195162837
1318,0.952711006186
1319,0.95741454629
1320,0.968029835195
1321,0.978362711068
1322,0.978440976381
1323,0.981760569345
1324,0.981554265025
1325,0.984162451964
1326,0.978968007288
1327,0.988382857839
1328,0.986323973237
1329,0.978811125739
1330,0.987052870184
1331,0.984672243017
1332,0.978404541503
1333,0.982476865385
1334,0.980308859092
1335,0.98063715017
1336,0.980038025763
1337,0.977191115043
1338,0.976591449039
1339,0.977347682736
1340,0.972001202978
1341,0.967046105173
1342,0.960126475322
1343,0.942387552655
1344,0.930928758825
1345,0.901040805806
1346,0.891074515947
1347,0.893750276051
1348,0.915395440622
1349,0.940082448216
1350,0.951268868794
1351,0.95881290529
1352,0.963892682845
1353,0.971940367249
1354,0.970731254362
1355,0.96222845751
1356,0.963163295823
1357,0.959020386554
1358,0.950906648757
1359,0.948120548084
1360,0.930166100123
1361,0.923548778329
1362,0.897822729748
1363,0.859243698044
1364,0.772124936844
1365,0.7159474225
1366,0.768833206524
1367,0.866663088256
1368,0.938663676569
1369,0.970107766822
1370,0.972979055368
1371,0.970155805796
1372,0.982341785295
1373,0.975040555678
1374,0.973184006617
1375,0.988026465307
1376,0.977784463145
1377,0.970371746002
1378,0.976579649519
1379,0.977805508961
1380,0.969027633159
1381,0.96813710089
1382,0.966851843555
1383,0.964597813176
1384,0.954092342879
1385,0.94415845262
1386,0.930562274378
1387,0.907381304784
1388,0.850170836135
1389,0.759923940039
1390,0.707457283871
1391,0.766457110283
1392,0.87771577087
1393,0.930644488043
1394,0.965735559482
1395,0.97303290364
1396,0.983313659213
1397,0.981309354393
1398,0.979771701419
1399,0.982114853928
1400,0.98086446193
1401,0.980620240962
1402,0.983863053963
1403,0.981749539729
1404,0.984202175048
1405,0.982268014209
1406,0.985152882659
1407,0.984837052526
1408,0.980887697767
1409,0.980679228776
1410,0.986695807381
1411,0.980010231529
1412,0.979261710509
1413,0.983912400952
1414,0.972040115814
1415,0.983747911166
1416,0.983395572542
1417,0.984843794181
1418,0.973074079861
1419,0.978807967245
1420,0.97827475312
1421,0.967364823262
1422,0.966722033684
1423,0.98186387437
1424,0.973004937721
1425,0.979932414637
1426,0.976334616543
1427,0.978937482332
1428,0.980855830172
1429,0.983135268237
1430,0.977336000096
1431,0.963346951539
1432,0.955776231326
1433,0.952605584604
1434,0.955243885753
1435,0.966616425428
1436,0.970411996363
1437,0.980742171635
1438,0.98212146444
1439,0.983753827278
1440,0.980800526785
1441,0.977593724946
1442,0.982512973551
1443,0.983062451218
1444,0.984587505849
1445,0.977332859118
1446,0.978893733502
1447,0.964264043316
1448,0.961956254881
1449,0.968793622124
1450,0.962689728384
1451,0.973578444942
1452,0.975935542773
1453,0.972144959614
1454,0.975913090191
1455,0.981563194033
1456,0.978531689338
1457,0.980709850564
1458,0.975180590774
1459,0.967369941135
1460,0.972298455215
1461,0.958114356823
1462,0.953665945002
1463,0.955661665657
1464,0.95613690466
1465,0.947992496318
1466,0.957848377311
1467,0.964192664832
1468,0.97046599413
1469,0.975110250708
1470,0.971022026204
1471,0.974543909116
1472,0.974224390168
1473,0.968467024454
1474,0.972932515256
1475,0.965396872276
1476,0.975085174096
1477,0.966387391914
1478,0.969766554866
1479,0.957402042352
1480,0.948771632983
1481,0.925225548065
1482,0.894960134314
1483,0.873216820526
1484,0.864209337149
1485,0.895242390969
1486,0.929151120459
1487,0.944621382563
1488,0.96103954213
1489,0.965730026411
1490,0.958434383674
1491,0.953171448408
1492,0.961859365213
1493,0.951944333634
1494,0.945879223102
1495,0.94417425728
1496,0.915605596838
1497,0.874451253559
1498,0.806635612334
1499,0.730221988808
1500,0.727217491256
1501,0.799357805435
1502,0.880209327245
1503,0.929683168616
1504,0.949405480595
1505,0.958251941117
1506,0.953561899726
1507,0.95036307822
1508,0.943122788844
1509,0.934642935227
1510,0.915856629449
1511,0.900962338308
1512,0.899539936707
1513,0.899355627103
1514,0.911265624493
1515,0.928424825394
1516,0.937644750367
1517,0.939578514776
1518,0.940091341006
1519,0.93597508017
1520,0.92587924973
1521,0.913119495087
1522,0.877165914314
1523,0.817025582408
1524,0.754427276087
1525,0.778628207937
1526,0.855002581116
1527,0.930337096729
1528,0.957669280838
1529,0.971797177937
