0,0.935575266821
1,1.00982569373
2,1.00250007592
3,0.984293779629
4,0.981744118976
5,0.973984953948
6,0.967550662856
7,0.962842152633
8,0.954618876273
9,0.951851709537
10,0.95734687921
11,0.960406787147
12,0.970651009877
13,0.982684435392
14,0.983309732375
15,0.979926318084
16,0.977529443932
17,0.972017628221
18,0.969281000651
19,0.960530046113
20,0.950914790457
21,0.950212693949
22,0.962558098468
23,0.959666309459
24,0.961031279934
25,0.959095516613
26,0.955894737987
27,0.950996871
28,0.938601400216
29,0.924723944303
30,0.90143453951
31,0.890609264205
32,0.873395581322
33,0.842077993356
34,0.797518885659
35,0.736321910238
36,0.674564492792
37,0.627338997659
38,0.619647913238
39,0.658039668311
40,0.744341002756
41,0.830433187614
42,0.894398450139
43,0.93833337295
44,0.960691914988
45,0.971134971478
46,0.97988074048
47,0.981988814628
48,0.979280166904
49,0.978763692683
50,0.979173576637
51,0.974210159525
52,0.965941919182
53,0.967277848688
54,0.969046274897
55,0.969888257422
56,0.974930998783
57,0.977626606063
58,0.981032898126
59,0.99256383889
60,0.984201000409
61,0.995207803564
62,0.990489995409
63,0.98669869175
64,0.992207191157
65,0.984120744837
66,0.992781368499
67,0.990194689957
68,0.995333387783
69,0.989439920782
70,0.987378177839
71,0.993135503615
72,0.990486504609
73,0.987002761668
74,0.991802563341
75,0.985598421837
76,0.984896167199
77,0.986666937972
78,0.989859930484
79,0.986437153577
80,0.991949187802
81,0.994617163677
82,0.994595336669
83,0.993862325232
84,0.990779165348
85,0.985778501985
86,0.985416143937
87,0.98557949809
88,0.982464581459
89,0.97919477188
90,0.971347104119
91,0.966437244095
92,0.963351987823
93,0.960947018679
94,0.972555263957
95,0.973120320027
96,0.986926528581
97,0.995226811433
98,0.990130891222
99,0.989242523415
100,0.988044662602
101,0.993004440643
102,0.983884807169
103,0.989185221851
104,0.993805226483
105,0.988986348071
106,0.991811638601
107,0.992253939691
108,0.984555869799
109,0.981809717925
110,0.978258525005
111,0.967153817102
112,0.95589342914
113,0.951442971063
114,0.931976749881
115,0.912230312805
116,0.888550099185
117,0.865084720986
118,0.842546389656
119,0.852210709281
120,0.877483216661
121,0.907464946631
122,0.924039265962
123,0.921258155513
124,0.919560843472
125,0.908912104863
126,0.905820302852
127,0.914468086491
128,0.940649586567
129,0.953915239978
130,0.975980158729
131,0.982959200877
132,0.995112809825
133,1.0004510705
134,0.995843718229
135,1.00090356653
136,1.00357781942
137,1.00306049238
138,1.00130354139
139,1.00118896141
140,1.00064048341
141,1.00585671588
142,1.00388263237
143,1.00324120923
144,0.997237243889
145,0.9895898841
146,0.981600912324
147,0.972092256618
148,0.961900788599
149,0.948856194183
150,0.93683369773
151,0.925399341628
152,0.929467592304
153,0.940730099086
154,0.951032218278
155,0.960094736323
156,0.976476832603
157,0.981137218056
158,0.984216236759
159,0.983232431866
160,0.991615702469
161,0.988957127458
162,0.99250225242
163,0.99514805963
164,0.996894440191
165,1.00174329464
166,1.00035659969
167,1.00474059786
168,1.00847338117
169,1.01003448215
170,1.00790318781
171,1.00397193241
172,1.00854315415
173,1.00889420944
174,1.00170388451
175,1.00919293892
176,1.00299523285
177,0.998752443078
178,1.00195881856
179,1.00553794347
180,1.00976924209
181,1.01002733019
182,1.01168244756
183,1.00970533004
184,1.00589627157
185,1.00988005216
186,1.00889621096
187,1.00747757762
188,1.00829458495
189,1.00855269689
190,1.00489794176
191,0.994348476827
192,0.99233888269
193,0.983589446644
194,0.976827123352
195,0.960901275848
196,0.960877985671
197,0.947093584429
198,0.933183810091
199,0.912189871742
200,0.880444978528
201,0.828906900616
202,0.772207080682
203,0.727589290213
204,0.709192864927
205,0.739673565774
206,0.811517230422
207,0.887002598039
208,0.929117084074
209,0.964553093145
210,0.973574153854
211,0.987258099909
212,1.00367839471
213,1.00250672709
214,1.00773843543
215,1.00271216498
216,1.0082862654
217,1.0107830472
218,1.0104197658
219,1.00446005762
220,1.01357965912
221,1.00413711201
222,1.00579466951
223,1.00350315286
224,1.01110041963
225,1.00137635616
226,0.997995885949
227,0.996450110683
228,1.00411052663
229,0.995286612898
230,0.993367281067
231,0.989799165476
232,0.975436474089
233,0.966392210194
234,0.954485096576
235,0.94761703871
236,0.922765404352
237,0.9078370447
238,0.890853885617
239,0.896366415264
240,0.926368887909
241,0.952297228472
242,0.971816938282
243,0.978547370179
244,0.979738529538
245,0.987185675424
246,0.992516918248
247,0.990316015693
248,0.986651937074
249,0.987594634907
250,0.983867888986
251,0.982755878348
252,0.971650195034
253,0.968078019941
254,0.959804143501
255,0.957352110917
256,0.95191066035
257,0.937313913861
258,0.935047513372
259,0.918362421221
260,0.921669621023
261,0.938306725008
262,0.957654815989
263,0.968594910947
264,0.971250578846
265,0.978516522653
266,0.971578509089
267,0.969219215888
268,0.952373657997
269,0.941944480893
270,0.921793982316
271,0.903355464952
272,0.872763872532
273,0.833787985441
274,0.822198950818
275,0.825130322834
276,0.838096402762
277,0.845266990265
278,0.867459919769
279,0.890807818589
280,0.902313768803
281,0.912449204363
282,0.901327157902
283,0.912024467938
284,0.918826012916
285,0.938409583603
286,0.958618254808
287,0.967542543676
288,0.980115396675
289,0.995339517508
290,0.998310878045
291,0.994890187058
292,0.993932689749
293,0.997715150465
294,0.990894776439
295,0.991246853457
296,0.990039546959
297,0.987865267747
298,0.993738031528
299,0.996273723814
300,0.994317786021
301,0.994607698563
302,0.993369038624
303,0.993190979643
304,1.00075010187
305,1.00141471822
306,1.00626030949
307,1.00308733669
308,1.0021295502
309,1.0060396196
310,1.00183645435
311,1.0039992241
312,1.00222989797
313,1.00223938512
314,1.00377821394
315,1.00628474923
316,1.00023896891
317,1.00895731748
318,1.00303601905
319,0.998831195359
320,0.999527357348
321,0.999942596676
322,0.995737134907
323,0.997494819333
324,0.988855148481
325,0.988489397054
326,0.989903512447
327,0.99428435751
328,0.993106833487
329,0.991804293526
330,0.991282430972
331,0.998631141117
332,0.999233932855
333,1.00192952785
334,1.00137675555
335,0.99785635899
336,1.00623771499
337,1.00343575481
338,1.00185198481
339,0.997643694522
340,0.998621570469
341,0.99603756212
342,0.98745400285
343,0.982307007719
344,0.974347174378
345,0.964949176361
346,0.951206434897
347,0.943744412641
348,0.935656699702
349,0.93397569857
350,0.93648296287
351,0.934958148631
352,0.940841658532
353,0.933971344104
354,0.946545321505
355,0.963497154343
356,0.979574964182
357,0.991370690363
358,0.992036358123
359,0.994671975189
360,0.987395391374
361,0.98690396196
362,0.984536172943
363,0.974318601481
364,0.959440292262
365,0.939775573074
366,0.916074509595
367,0.894435888602
368,0.870042898933
369,0.861851431329
370,0.886787121161
371,0.935375128397
372,0.970545945136
373,0.977061652898
374,0.990836537655
375,0.995132115353
376,0.9973942047
377,0.993930208618
378,0.996255017957
379,0.990631432333
380,0.996085787982
381,0.998504857647
382,0.998639409614
383,0.992702017708
384,0.996341945537
385,0.993690611443
386,0.990506917861
387,0.996526292517
388,1.00285920862
389,1.00412100619
390,1.00131291067
391,0.999193382962
392,0.994099212485
393,0.996707252738
394,0.999785196935
395,1.00248762348
396,0.994793585918
397,0.993456189168
398,0.993214808745
399,0.988651367003
400,0.98565357427
401,0.97535758227
402,0.963181372782
403,0.955264268539
404,0.940674182174
405,0.912455747805
406,0.882699937209
407,0.858768960908
408,0.830637728826
409,0.810180521064
410,0.7688537428
411,0.711887697121
412,0.662500255947
413,0.674968064125
414,0.737954224225
415,0.795429755661
416,0.818341013552
417,0.803988346179
418,0.752147790781
419,0.707010770185
420,0.731740225662
421,0.79897856154
422,0.839074561551
423,0.845723594308
424,0.867986007454
425,0.896520708673
426,0.933711342067
427,0.936038341979
428,0.922028953465
429,0.907830276972
430,0.883846510293
431,0.852459818304
432,0.803163254576
433,0.7499737061
434,0.667925052885
435,0.584364175728
436,0.561804191582
437,0.575440707601
438,0.568186586782
439,0.541325452402
440,0.530743962128
441,0.550248156991
442,0.596923928528
443,0.649596211603
444,0.695777822978
445,0.687773470887
446,0.673931926664
447,0.713090951584
448,0.759659279502
449,0.794054774038
450,0.788532165531
451,0.764554345917
452,0.75629941891
453,0.737340438098
454,0.695151684798
455,0.63425058419
456,0.544683561723
457,0.465312057373
458,0.404739446499
459,0.382496284398
460,0.389073921197
461,0.428023915933
462,0.515960704331
463,0.632982035192
464,0.734468781619
465,0.796144056962
466,0.821488923091
467,0.821177022861
468,0.823754582485
469,0.813580407233
470,0.821811670039
471,0.861643373564
472,0.915802471214
473,0.951965849787
474,0.97038262385
475,0.972621439005
476,0.97429491823
477,0.971507035647
478,0.976448316178
479,0.965176468875
480,0.950352916951
481,0.932857100766
482,0.900244223225
483,0.866120196491
484,0.817473644207
485,0.758954318648
486,0.700964526607
487,0.701558966136
488,0.760524793018
489,0.806481591461
490,0.812455926028
491,0.795198809405
492,0.752192328298
493,0.694845885925
494,0.678462184319
495,0.737475393991
496,0.819510020235
497,0.865515718093
498,0.887154531054
499,0.894172126802
500,0.908140431375
501,0.915379609158
502,0.923122597743
503,0.934577607193
504,0.946756989781
505,0.951954357519
506,0.952087687156
507,0.951245842643
508,0.94596822851
509,0.951701237606
510,0.931888022127
511,0.909398852164
512,0.888795682212
513,0.847077602508
514,0.814764619659
515,0.794847338052
516,0.774487857019
517,0.75985433302
518,0.7484297293
519,0.70880434562
520,0.709494332489
521,0.779210406819
522,0.86482802966
523,0.924703500798
524,0.960627987935
525,0.96220989225
526,0.965964188616
527,0.970505876406
528,0.963241194833
529,0.947317286296
530,0.933029408663
531,0.907530449479
532,0.871763724877
533,0.826735687776
534,0.774649666648
535,0.706245653536
536,0.667189341908
537,0.693705033858
538,0.761673670316
539,0.800101968354
540,0.790401220198
541,0.759814235797
542,0.706889322241
543,0.682691719655
544,0.694376662269
545,0.746107432014
546,0.819393830459
547,0.872362824448
548,0.90728066819
549,0.928745857179
550,0.93685127583
551,0.933769769957
552,0.924700042048
553,0.916858730206
554,0.899687384269
555,0.889953233219
556,0.889548439958
557,0.878867411913
558,0.858255641882
559,0.832818905507
560,0.802241349365
561,0.746281838108
562,0.738524898081
563,0.803632803803
564,0.872908162438
565,0.940108064465
566,0.958120861366
567,0.968819010786
568,0.967376555681
569,0.96640704638
570,0.960517388145
571,0.95156784709
572,0.948389665036
573,0.924613780752
574,0.908785053994
575,0.877907882396
576,0.866366286796
577,0.870723919638
578,0.896062170178
579,0.918531400181
580,0.920935496229
581,0.920405346842
582,0.905864980751
583,0.876744669012
584,0.848221549688
585,0.811427805344
586,0.760871042105
587,0.724701907578
588,0.756893568342
589,0.839368552387
590,0.904836877419
591,0.943163727525
592,0.961195885139
593,0.962561250117
594,0.963453177301
595,0.963177039879
596,0.959648902899
597,0.950026715665
598,0.937909298214
599,0.921906977786
600,0.893019608347
601,0.857719312478
602,0.810668216376
603,0.766613512456
604,0.711153735776
605,0.673281838214
606,0.691629135126
607,0.729751316883
608,0.75435689881
609,0.757073007296
610,0.741087609868
611,0.710252631407
612,0.6809000057
613,0.689300579014
614,0.751004216391
615,0.815145915534
616,0.872436003046
617,0.914310074351
618,0.948034492376
619,0.96646609835
620,0.978704885383
621,0.984276013796
622,0.99335590501
623,0.991500296965
624,0.986957775758
625,0.991834734651
626,0.992160031865
627,0.998965989632
628,0.994960468645
629,0.99244054421
630,0.986600653807
631,0.991573655916
632,0.988768706992
633,0.980208568741
634,0.979901055648
635,0.980858447381
636,0.989216063645
637,0.987707100711
638,0.996729856915
639,0.989717727191
640,0.98425487858
641,0.97521727033
642,0.966495241809
643,0.943031207128
644,0.914503646077
645,0.888979182197
646,0.852917305491
647,0.820396013771
648,0.834541305381
649,0.885296953376
650,0.938556560354
651,0.977549070595
652,0.987304453413
653,0.997725220091
654,1.00017155049
655,1.00002284001
656,1.0021846111
657,1.00001024942
658,1.00771150934
659,1.00063074698
660,1.00453396907
661,1.00182117491
662,1.00021620205
663,0.9947169506
664,0.996974198626
665,0.991980957895
666,0.986164051126
667,0.972082114686
668,0.958252347876
669,0.941919704728
670,0.923495571016
671,0.90310636885
672,0.899754736141
673,0.927695527124
674,0.961339955135
675,0.973701298345
676,0.987077314529
677,0.984868859848
678,0.978066724537
679,0.972879739395
680,0.964238998199
681,0.959082698624
682,0.952151640559
683,0.947374647495
684,0.956602975041
685,0.966053882644
686,0.974808395088
687,0.984641125394
688,0.977582636977
689,0.965959677935
690,0.956237458911
691,0.95250503572
692,0.950832648109
693,0.952393410214
694,0.965429775659
695,0.977484469583
696,0.985957739174
697,0.990754028847
698,0.987560944162
699,0.982877379028
700,0.979715413989
701,0.976362931881
702,0.962926180341
703,0.955355035853
704,0.945817042837
705,0.931647931869
706,0.921093264507
707,0.886971837417
708,0.857319905529
709,0.810187899799
710,0.744368252639
711,0.694309229155
712,0.653097001713
713,0.646556870555
714,0.688462376859
715,0.766287084001
716,0.841389522972
717,0.90037916742
718,0.921295743302
719,0.936819448888
720,0.932002790807
721,0.932295157994
722,0.914941856714
723,0.908981124488
724,0.901432926039
725,0.915594803931
726,0.935471429568
727,0.957000354412
728,0.978658036537
729,0.991936554985
730,1.00039057402
731,0.994399653029
732,0.989233736231
733,0.997244173434
734,0.993157535402
735,0.999581101474
736,1.00365531246
737,1.00087045036
738,1.00221387717
739,1.00419259803
740,1.01265061696
741,1.00827757746
742,1.00075963075
743,1.01112442054
744,1.00395539292
745,1.00653824996
746,1.00518204637
747,1.0023643266
748,1.00103960932
749,1.00308264416
750,1.00032803534
751,0.99858999578
752,1.0005696303
753,1.00350275455
754,0.994582610983
755,0.980100201367
756,0.980363199046
757,0.960285232549
758,0.952855679187
759,0.94370909868
760,0.934148534082
761,0.951734172077
762,0.967127798706
763,0.98703697506
764,0.990861049932
765,0.99617972666
766,0.989957395122
767,0.99740680242
768,0.99277386951
769,0.987663574703
770,0.980422264711
771,0.970922470211
772,0.955443016369
773,0.936527467516
774,0.921267945307
775,0.886096312946
776,0.845419023276
777,0.826114080414
778,0.853218934131
779,0.900271986893
780,0.916692969879
781,0.930951935502
782,0.915687129188
783,0.91022069461
784,0.919581142557
785,0.937088191592
786,0.965479455294
787,0.983180787975
788,0.994773458094
789,1.00538051624
790,1.0041172724
791,1.00005310052
792,0.994906410884
793,0.993483425453
794,0.992442300076
795,0.990000444742
796,0.98746288474
797,0.997850306732
798,1.00648756705
799,1.00445978404
800,1.01258860329
801,1.00349226424
802,1.01162171694
803,1.01841442203
804,1.01090942781
805,1.01031439396
806,1.01688495802
807,1.00976115114
808,1.01165029265
809,1.01236109337
810,1.00523621332
811,1.00696613258
812,1.00219772614
813,0.99717407193
814,0.996928683479
815,0.988208726959
816,0.983980381193
817,0.972296013499
818,0.950191422296
819,0.924516175909
820,0.888705474106
821,0.871311002507
822,0.837184152765
823,0.830589954447
824,0.853475969229
825,0.893033154381
826,0.913979359023
827,0.911499134027
828,0.894833714595
829,0.86723286124
830,0.830576075632
831,0.807146592529
832,0.843493293412
833,0.908282637437
834,0.953723578746
835,0.983034158529
836,0.994362925549
837,0.999857077035
838,1.0038209834
839,1.00813601892
840,1.00052371052
841,1.00659311394
842,0.999522322997
843,0.998670708459
844,1.00072169989
845,0.996074098971
846,0.991107110323
847,0.990382611181
848,0.988700966643
849,0.989794844934
850,0.993377442291
851,0.98292133856
852,0.966784717833
853,0.954348255072
854,0.918615883639
855,0.882752896521
856,0.842642443815
857,0.786188300787
858,0.754241025901
859,0.796945930954
860,0.867232174615
861,0.92753327569
862,0.975453885689
863,0.978271676583
864,0.993316610174
865,0.987770930335
866,0.982799470291
867,0.978753509843
868,0.978602593719
869,0.968553155896
870,0.97165886758
871,0.966621838694
872,0.966310720149
873,0.95006352086
874,0.930493491219
875,0.902521973878
876,0.86483838294
877,0.81756927272
878,0.768028307624
879,0.74803137421
880,0.725668828293
881,0.716594209436
882,0.710777524935
883,0.733618840427
884,0.77630336836
885,0.835862055548
886,0.883475182451
887,0.922688216446
888,0.96225602606
889,0.986711357419
890,0.992313174273
891,0.999097972755
892,1.00936710787
893,1.00976067118
894,1.00695787995
895,1.01665324958
896,1.02056348349
897,1.01577878447
898,1.01834660128
899,1.01506402647
900,1.01232470001
901,1.00952119928
902,1.01621389493
903,1.0149451631
904,1.00798438923
905,1.00393307978
906,1.00579770214
907,1.00238558781
908,0.99932499694
909,1.00058196766
910,0.997073254821
911,0.992540682361
912,0.995013064751
913,0.994318727165
914,0.98546675919
915,0.971527356153
916,0.959378408706
917,0.93475060425
918,0.902921692603
919,0.861299006085
920,0.817528956239
921,0.765307313459
922,0.753306750515
923,0.813790780142
924,0.884841101278
925,0.935926135988
926,0.958817728047
927,0.967691810433
928,0.968244257443
929,0.954552093144
930,0.939386245532
931,0.914487142283
932,0.876139889082
933,0.839550310137
934,0.788229801523
935,0.740010808329
936,0.700080925922
937,0.704240819106
938,0.754897683892
939,0.820674005084
940,0.865030990682
941,0.884218865894
942,0.874231008454
943,0.856555324676
944,0.826226129621
945,0.7989053968
946,0.769276000143
947,0.723979272368
948,0.713661879969
949,0.77875908245
950,0.860169301973
951,0.925213959495
952,0.963990290336
953,0.987966222037
954,0.994095739589
955,0.988785643977
956,0.996582124949
957,0.996399344331
958,0.999261220072
959,1.00705911322
960,1.00155613991
961,1.00396984418
962,1.00833907558
963,1.00559227092
964,1.01057102116
965,1.00340000299
966,1.00905233441
967,1.00248981755
968,1.00400651436
969,0.998789922498
970,1.00046691759
971,0.995570408352
972,1.00378925971
973,0.997577641909
974,0.987869813444
975,0.976685866953
976,0.973968324548
977,0.960281046728
978,0.959711679855
979,0.945669814653
980,0.949013379947
981,0.963841843421
982,0.969015079335
983,0.990775461515
984,0.998035710972
985,1.005232396
986,1.00578774789
987,1.01067502309
988,1.00936946819
989,1.00819216691
990,1.00419067159
991,1.00086280217
992,0.994838701955
993,0.992601428648
994,0.994953890615
995,0.987131261784
996,0.978280778297
997,0.969814772057
998,0.950047901092
999,0.926491099596
1000,0.897410200916
1001,0.863703501584
1002,0.823957666149
1003,0.79750181214
1004,0.802737075005
1005,0.841594153488
1006,0.887101963339
1007,0.940610159524
1008,0.962295738162
1009,0.974636943489
1010,0.981679575185
1011,0.982619964929
1012,0.974502169323
1013,0.973804072558
1014,0.965653105711
1015,0.954031900107
1016,0.92457930789
1017,0.890144379725
1018,0.846613907095
1019,0.802822747671
1020,0.750930600612
1021,0.735634273391
1022,0.791676219236
1023,0.865944120584
1024,0.928841514999
1025,0.968186308515
1026,0.986932454814
1027,0.988612951453
1028,0.994311463252
1029,0.994545913713
1030,0.997705641167
1031,0.991607288288
1032,0.996663911259
1033,0.983942162429
1034,0.997615373029
1035,0.999939927149
1036,0.990464247928
1037,0.987193710058
1038,0.986881291444
1039,0.969396586702
1040,0.967314644817
1041,0.939407662126
1042,0.908893235894
1043,0.867794571868
1044,0.820034412562
1045,0.76290998895
1046,0.710702367119
1047,0.718709915032
1048,0.794532291077
1049,0.87512235966
1050,0.929595026096
1051,0.956402661183
1052,0.973720829914
1053,0.976560961598
1054,0.989247794519
1055,0.985685126981
1056,0.987818141399
1057,0.981390915244
1058,0.983008994488
1059,0.973072893941
1060,0.962685356233
1061,0.964174105735
1062,0.957293900775
1063,0.95273080772
1064,0.947523503181
1065,0.952714040282
1066,0.973100655349
1067,0.975008756909
1068,0.9797503417
1069,0.981143710418
1070,0.990715882642
1071,0.995265516037
1072,0.991636158576
1073,0.988167514987
1074,0.990914136253
1075,0.988314741829
1076,0.984426823549
1077,0.984145987383
1078,0.979613361535
1079,0.973695252684
1080,0.96974164378
1081,0.961632045893
1082,0.949108210427
1083,0.934714733215
1084,0.907497105842
1085,0.87885952525
1086,0.836074457731
1087,0.786132407089
1088,0.744435475356
1089,0.713917193285
1090,0.735087748231
1091,0.788713581489
1092,0.862583886734
1093,0.910095748048
1094,0.938465808814
1095,0.955975622381
1096,0.96736231818
1097,0.962760904357
1098,0.963026947372
1099,0.955910345373
1100,0.941184488803
1101,0.913850998926
1102,0.882033469431
1103,0.832253288831
1104,0.773859386875
1105,0.712493875951
1106,0.67443865732
1107,0.670500262355
1108,0.713809100813
1109,0.78982535571
1110,0.860042341912
1111,0.914202252897
1112,0.95317398741
1113,0.973149228683
1114,0.974093325763
1115,0.980941150286
1116,0.974755812077
1117,0.973602995222
1118,0.976386342693
1119,0.969748313227
1120,0.967207653743
1121,0.956857804142
1122,0.947539720776
1123,0.934832377998
1124,0.900694985653
1125,0.854258363232
1126,0.814595648421
1127,0.76769963733
1128,0.719508567923
1129,0.736775953809
1130,0.804241273244
1131,0.888757183615
1132,0.945064495007
1133,0.970899719203
1134,0.98178864009
1135,0.99045063993
1136,0.991751513574
1137,0.987660034829
1138,0.989186941363
1139,0.978894773646
1140,0.984135280103
1141,0.981948235052
1142,0.977920078674
1143,0.978219560143
1144,0.973867911621
1145,0.972746001938
1146,0.96012434227
1147,0.955060701767
1148,0.932778007152
1149,0.904872112321
1150,0.859226870061
1151,0.812963915572
1152,0.756163831707
1153,0.687403565489
1154,0.653794353302
1155,0.704006456565
1156,0.787378983204
1157,0.862097472807
1158,0.908769611841
1159,0.926745460937
1160,0.927915682846
1161,0.921037630832
1162,0.905075916979
1163,0.886882401032
1164,0.870465331898
1165,0.867592405346
1166,0.867337932966
1167,0.883054922787
1168,0.909184235069
1169,0.93479840726
1170,0.951651944497
1171,0.975232866783
1172,0.980480274811
1173,0.99284272654
1174,0.99139684165
1175,1.00143218195
1176,1.00170072553
1177,1.00044909813
1178,1.00288479861
1179,0.998268999951
1180,1.00186936432
1181,1.00207328283
1182,1.00570646177
1183,1.00484291943
1184,1.00074389689
1185,0.995350311745
1186,1.00060165942
1187,0.989415503242
1188,0.986544802759
1189,0.982897199268
1190,0.987016228336
1191,0.988578878974
1192,0.989332536858
1193,0.998145476206
1194,1.00462868341
1195,0.996934786868
1196,0.999404556258
1197,0.997957547083
1198,0.993532085875
1199,0.987163780813
1200,0.983385009721
1201,0.97743664486
1202,0.978093015021
1203,0.979105620188
1204,0.991937498713
1205,0.995217561606
1206,1.00034379266
1207,1.00064502658
1208,1.00010422923
1209,1.00506937345
1210,0.997143905347
1211,1.00126718018
1212,0.992693038699
1213,0.99231376033
1214,0.988921716355
1215,0.986760447758
1216,0.985473735299
1217,0.974467189755
1218,0.965144539525
1219,0.961847840612
1220,0.944163851914
1221,0.924436885679
1222,0.895180917783
1223,0.850723469127
1224,0.793233995962
1225,0.734313633854
1226,0.664724958949
1227,0.604854238282
1228,0.567668346233
1229,0.563251367045
1230,0.602337423151
1231,0.678902231499
1232,0.765491149488
1233,0.827933765754
1234,0.887431219394
1235,0.921189287784
1236,0.934814247263
1237,0.94286301217
1238,0.947766960811
1239,0.941580551837
1240,0.928031891713
1241,0.901476899068
1242,0.870606041481
1243,0.82413152122
1244,0.7756096104
1245,0.745280967438
1246,0.776064345001
1247,0.847076052795
1248,0.914590075895
1249,0.949018096899
1250,0.960510964963
1251,0.974665341235
1252,0.967016559735
1253,0.963650311106
1254,0.945681416182
1255,0.918916765701
1256,0.895687170316
1257,0.849283597131
1258,0.789212476569
1259,0.722255495045
1260,0.673858786023
1261,0.64269387028
1262,0.647038281148
1263,0.69725190492
1264,0.760130496236
1265,0.814476164772
1266,0.84528847163
1267,0.838311196082
1268,0.813410506522
1269,0.767726748763
1270,0.732754768295
1271,0.756880693436
1272,0.838066129687
1273,0.908573906702
1274,0.957490359649
1275,0.975491424953
1276,0.98768011641
1277,0.995809683772
1278,0.992213717115
1279,0.999759451627
1280,0.997462762054
1281,1.0007535952
1282,1.0065462902
1283,1.0051593015
1284,1.00341479622
1285,1.00141020569
1286,1.0025573242
1287,1.00805886529
1288,1.00273959008
1289,0.996444933602
1290,0.993269657346
1291,0.991036625986
1292,0.984350654015
1293,0.982669611217
1294,0.986839251836
1295,0.994064805519
1296,0.997195046042
1297,1.00042307749
1298,0.994288477191
1299,0.99159957281
1300,0.981985206723
1301,0.979067954885
1302,0.969322182815
1303,0.972387269642
1304,0.976135500949
1305,0.985770117835
1306,0.992641257324
1307,0.999122708704
1308,1.0035557065
1309,1.01576260696
1310,1.00520192339
1311,1.00553721676
1312,1.00876765059
1313,1.00611029645
1314,1.00934102801
1315,0.998810371009
1316,0.997909140207
1317,0.998699717296
1318,0.992299549099
1319,0.989673361757
1320,0.980896822679
1321,0.975211006166
1322,0.972225787338
1323,0.966246221654
1324,0.969118628555
1325,0.977752143193
1326,0.984075435963
1327,0.985679512344
1328,0.993598694677
1329,0.996375210031
1330,0.997231265757
1331,1.00098483604
1332,0.993669375755
1333,1.00299058019
1334,0.995381548074
1335,1.00144751029
1336,1.00106662638
1337,0.992577322882
1338,0.996917982565
1339,0.996243759235
1340,0.996904764468
1341,0.991898763341
1342,0.996630978497
1343,0.992047978568
1344,0.985998784256
1345,0.98200129245
1346,0.972660960694
1347,0.968890607924
1348,0.948700125653
1349,0.946361973773
1350,0.926820459674
1351,0.910828850022
1352,0.913539394661
1353,0.926286624507
1354,0.942945408361
1355,0.9625059954
1356,0.968184884564
1357,0.974027212448
1358,0.981434490385
1359,0.982649501345
1360,0.974705260839
1361,0.977549936971
1362,0.952784066652
1363,0.963093389117
1364,0.959711124966
1365,0.942798544278
1366,0.922656746188
1367,0.899546161703
1368,0.860945466939
1369,0.828276155349
1370,0.782853797326
1371,0.7818434682
1372,0.831381908228
1373,0.903786649703
1374,0.95056219939
1375,0.973890587647
1376,0.979770486192
1377,0.987477552568
1378,0.981354194224
1379,0.984919006631
1380,0.988679861089
1381,0.986829599647
1382,0.987328253698
1383,0.989164673197
1384,0.983496629654
1385,0.978904900234
1386,0.979827512648
1387,0.975463668072
1388,0.966302207917
1389,0.962329046908
1390,0.950000453103
1391,0.933427810185
1392,0.89524617019
1393,0.861206725817
1394,0.815706824939
1395,0.764914727485
1396,0.77160688004
1397,0.824984518455
1398,0.896094654495
1399,0.939556647062
1400,0.964019475896
1401,0.970427637507
1402,0.981081328566
1403,0.981123011654
1404,0.985312074442
1405,0.982969914666
1406,0.982129882744
1407,0.983151437524
1408,0.984009768846
1409,0.983692289127
1410,0.982166183619
1411,0.980345952402
1412,0.985483767216
1413,0.979514559561
1414,0.981908463361
1415,0.981492798019
1416,0.9886572714
1417,0.977720651534
1418,0.982271498351
1419,0.985646348201
1420,0.980002158091
1421,0.980632069181
1422,0.978843602848
1423,0.971793039189
1424,0.975593056651
1425,0.974294432895
1426,0.976558588161
1427,0.973037080432
1428,0.974451438981
1429,0.974721724783
1430,0.973749713983
1431,0.972025658224
1432,0.972786306363
1433,0.977470634411
1434,0.968291330897
1435,0.968986518095
1436,0.964580413648
1437,0.957884769195
1438,0.957892823592
1439,0.955938570208
1440,0.959969446014
1441,0.968383526805
1442,0.97176108899
1443,0.971409917871
1444,0.979138605795
1445,0.97499295357
1446,0.980595984371
1447,0.979492655129
1448,0.976589760051
1449,0.975747918836
1450,0.978668858459
1451,0.970988167494
1452,0.973778260218
1453,0.967209344605
1454,0.963061595778
1455,0.970302636922
1456,0.968805700716
1457,0.973821948879
1458,0.976089169535
1459,0.968962212821
1460,0.978660126675
1461,0.976508511913
1462,0.974029342053
1463,0.975838714355
1464,0.969823388003
1465,0.965280910562
1466,0.96204775647
1467,0.955245214074
1468,0.957610845864
1469,0.94969413865
1470,0.9499965901
1471,0.955342526551
1472,0.96229372401
1473,0.966920084525
1474,0.965127070604
1475,0.979220233111
1476,0.977722401004
1477,0.971998645007
1478,0.977838506849
1479,0.981352842438
1480,0.975431935449
1481,0.974556132826
1482,0.967160002113
1483,0.966087173233
1484,0.954200850381
1485,0.946475212966
1486,0.92685315969
1487,0.904312718148
1488,0.887440165553
1489,0.881250782541
1490,0.890629600164
1491,0.911678067665
1492,0.938694120582
1493,0.95151853693
1494,0.96250826295
1495,0.964975278691
1496,0.964852516828
1497,0.959418403162
1498,0.95500023701
1499,0.939892527179
1500,0.928029763403
1501,0.904131450814
1502,0.872000042892
1503,0.829863585405
1504,0.784935884705
1505,0.753779194674
1506,0.785363661975
1507,0.846536469402
1508,0.896726012792
1509,0.934782786163
1510,0.949945442333
1511,0.959138764721
1512,0.956325491833
1513,0.945408291647
1514,0.933505863878
1515,0.928000613837
1516,0.917113618836
1517,0.910130566498
1518,0.905936231439
1519,0.915885602656
1520,0.924490275031
1521,0.934900763424
1522,0.944787003987
1523,0.946173071631
1524,0.943456274872
1525,0.938244525977
1526,0.914715052183
1527,0.890001757956
1528,0.847361461671
1529,0.812596932044
