0,0.965966604362
1,1.03851992028
2,1.01725645917
3,1.00096709598
4,0.997293098504
5,0.990606683793
6,0.99022898988
7,0.97913369668
8,0.977201354147
9,0.95243541989
10,0.91510700189
11,0.855952157515
12,0.760439059159
13,0.648132545341
14,0.567820090563
15,0.563384736937
16,0.639664333178
17,0.753617558338
18,0.851561339746
19,0.916514681919
20,0.954786487833
21,0.980177615605
22,0.995161242518
23,0.994307283752
24,0.998278418832
25,0.996694375332
26,0.996030841959
27,0.994128924408
28,0.98346284472
29,0.973589222626
30,0.978163959027
31,0.980389092682
32,0.984551993492
33,0.992590649592
34,0.983826144883
35,0.997615867772
36,0.999112332063
37,0.998925058222
38,0.999214377598
39,0.997056931262
40,0.999380008092
41,0.995792141601
42,0.997320868258
43,0.986580713893
44,0.985057444961
45,0.994755649794
46,0.998700877255
47,0.995810984475
48,1.00201431656
49,0.993877592159
50,0.988601786866
51,0.990798800823
52,0.990769803267
53,0.980594526958
54,0.988389766017
55,0.987024548804
56,0.990940090277
57,0.993169959987
58,1.00109540199
59,0.998362440628
60,1.00116604266
61,0.99897372013
62,0.994998863964
63,0.993919808017
64,0.98660193202
65,0.995931268344
66,0.992337152233
67,0.992371901481
68,0.987057784102
69,0.983462348912
70,0.987253959131
71,0.988753243333
72,0.990571199484
73,0.990701391801
74,0.993252303725
75,0.993287133075
76,0.986218163669
77,0.993962103243
78,0.991543775053
79,0.99125987864
80,0.988235624765
81,0.993974202202
82,0.994359649462
83,0.986841239854
84,0.992262152709
85,0.993093810979
86,0.992746131144
87,0.994470550309
88,0.982294951346
89,0.987494195949
90,0.986221364167
91,0.983577188688
92,0.972705069153
93,0.970091521703
94,0.95130728086
95,0.938006679726
96,0.938580117774
97,0.945661355117
98,0.95395584901
99,0.948755690283
100,0.957115321923
101,0.958902786781
102,0.955808059086
103,0.955138339037
104,0.959989931131
105,0.966278475483
106,0.984473993968
107,0.986934384393
108,0.990480529041
109,0.99571924789
110,0.991827119012
111,1.00188816251
112,0.993142138698
113,0.999180820949
114,0.990337626166
115,0.993534339129
116,0.986094995285
117,0.993732006993
118,0.995811494555
119,0.998817749967
120,0.99645680913
121,0.997929809304
122,0.984863796716
123,0.986623822652
124,0.983302665906
125,0.979086160223
126,0.978928377388
127,0.977140354506
128,0.973370122556
129,0.976984309739
130,0.974971993648
131,0.970689274305
132,0.98741410818
133,0.976320335993
134,0.972420603401
135,0.969799637536
136,0.976165953722
137,0.98102975697
138,0.987653598993
139,0.985960690525
140,0.98826669057
141,0.989773120324
142,0.995631400984
143,0.994738563059
144,0.990837442443
145,0.988728013085
146,0.987546474397
147,0.99167813795
148,0.990304576695
149,1.00327243995
150,0.992487159133
151,0.989608582812
152,0.991724582452
153,0.990926941781
154,0.991602266399
155,0.995095925021
156,0.993817935667
157,0.994269383542
158,0.995553723675
159,0.995108393904
160,0.99347766094
161,0.993320476997
162,0.993868165588
163,0.994672270471
164,0.994098550966
165,0.995736005105
166,1.00003377093
167,0.995838483738
168,0.993982543457
169,0.984945857953
170,0.977478790578
171,0.962316287478
172,0.958117033991
173,0.967961439458
174,0.962479335437
175,0.966136092244
176,0.951865684453
177,0.919632403388
178,0.862921323663
179,0.780187762952
180,0.705494999177
181,0.685812402451
182,0.736936439921
183,0.815148084147
184,0.899017847863
185,0.942721690258
186,0.971765108877
187,0.987461015836
188,0.991764618142
189,0.997095975638
190,0.999250023446
191,0.998097702624
192,1.00420110699
193,0.998585975303
194,0.996470075156
195,1.00591427613
196,0.996990341009
197,0.99477755357
198,0.999855413502
199,0.999184322826
200,0.995300835458
201,1.00285340522
202,0.988913761508
203,0.996756087897
204,0.993674678088
205,1.00302868419
206,0.99284520092
207,0.998761621079
208,0.987387271817
209,0.988161300825
210,0.980931374149
211,0.975854316721
212,0.95463768403
213,0.920075363043
214,0.878016583915
215,0.860969249603
216,0.874115866629
217,0.909197435943
218,0.93740103914
219,0.960815965619
220,0.9769322455
221,0.976676793958
222,0.973879800629
223,0.98630033171
224,0.989649101544
225,0.992161710028
226,0.992035923589
227,0.991556119329
228,0.985701510295
229,0.979395499395
230,0.974472735655
231,0.974410087653
232,0.974669359197
233,0.979983279247
234,0.979083865912
235,0.982305848466
236,0.970779961004
237,0.978671358183
238,0.980348084877
239,0.987886913834
240,0.994396037138
241,0.996686209969
242,0.996753882058
243,0.995726190429
244,0.995793806517
245,1.00288565906
246,0.988678798026
247,0.997414636422
248,0.985783697127
249,0.966770512004
250,0.958616985081
251,0.946948804999
252,0.950011142943
253,0.95181658615
254,0.951816782557
255,0.958652520981
256,0.97409868735
257,0.973132973064
258,0.957816012164
259,0.958655165581
260,0.955236894257
261,0.961172477858
262,0.977528353714
263,0.986563283656
264,0.992502208244
265,0.996441507529
266,1.00134935992
267,0.997512862246
268,0.997128907378
269,0.992678397963
270,1.00045989589
271,0.98987614591
272,0.995721687115
273,0.993303675225
274,0.994275239132
275,0.98991957941
276,0.997800934581
277,0.993412630532
278,0.997872174939
279,1.00491599014
280,0.99762045475
281,1.00266259988
282,0.999177599982
283,1.00224995764
284,0.997019888319
285,1.00180489402
286,1.009046202
287,1.00068112791
288,1.01002385931
289,1.00075281401
290,1.00802834341
291,1.00405673939
292,1.00557974211
293,1.01337431312
294,1.00746253325
295,1.0090184104
296,1.00216786483
297,1.00129843715
298,1.00741381646
299,1.00334298543
300,0.998463048738
301,0.994973248672
302,0.987342628897
303,0.989674350323
304,0.989483023612
305,0.992915212804
306,0.991268094313
307,0.990850334884
308,0.994056801871
309,0.997684410713
310,1.00309253928
311,0.99869441812
312,0.999345183446
313,1.00540194649
314,1.00048511591
315,1.00252826722
316,0.996898268029
317,1.00305365609
318,0.995156201184
319,0.99807391374
320,0.998692605894
321,0.989951137831
322,0.986520534808
323,0.970909765894
324,0.965501297846
325,0.942467994771
326,0.944055126731
327,0.949239059833
328,0.973120736242
329,0.976492621795
330,0.974744456492
331,0.980547702207
332,0.977924431405
333,0.982983143632
334,0.992743034976
335,0.987494090548
336,0.992359964207
337,0.992557475198
338,0.990614895898
339,0.99048803226
340,0.99182052163
341,0.996558623426
342,0.993318391011
343,0.990077715554
344,0.97603430293
345,0.968023096203
346,0.953781592363
347,0.951997395689
348,0.97432196418
349,0.985032337943
350,0.992369102893
351,0.999284958458
352,1.00117091371
353,1.00838045135
354,0.999360217724
355,1.00228540482
356,0.996672445274
357,1.00131866231
358,1.0061928081
359,0.995026144814
360,0.992301413028
361,0.999157043734
362,0.994970653514
363,0.993057396235
364,1.00118135266
365,1.00404369536
366,0.999109264776
367,0.993394388472
368,1.00538721735
369,0.997787286117
370,0.999805452267
371,0.990449134523
372,0.998089841191
373,1.00134358603
374,0.993188172447
375,0.991598302202
376,0.998233357851
377,0.996383514015
378,0.994468386829
379,0.993235856951
380,0.986800060094
381,0.986184745875
382,0.987163014527
383,0.966641697858
384,0.962219066244
385,0.960007902907
386,0.95978093356
387,0.938536341089
388,0.892007427894
389,0.832521437622
390,0.806480120655
391,0.851771456925
392,0.897296829694
393,0.933031391136
394,0.938824306862
395,0.902722525433
396,0.845520108656
397,0.832717995136
398,0.886009973684
399,0.922702766231
400,0.918076878294
401,0.921852444237
402,0.944583378924
403,0.969141394061
404,0.969794240742
405,0.966896482487
406,0.962890694147
407,0.956115085151
408,0.960416388373
409,0.956800339243
410,0.941224597067
411,0.884910959927
412,0.805613042278
413,0.764535914636
414,0.800834434401
415,0.828662576245
416,0.798564697786
417,0.775798142045
418,0.782078871078
419,0.806717934663
420,0.846588676835
421,0.88398646359
422,0.870088757538
423,0.823117037286
424,0.824478332944
425,0.877477230501
426,0.916618975007
427,0.9295686631
428,0.907837949247
429,0.906399450036
430,0.919285844748
431,0.932304545837
432,0.915593935583
433,0.884193961142
434,0.83712238586
435,0.784136056817
436,0.720565566854
437,0.652840171549
438,0.608678143335
439,0.622792784044
440,0.699277831646
441,0.792852440066
442,0.851626351634
443,0.891922574381
444,0.908217306435
445,0.925592223398
446,0.91216442415
447,0.902753110077
448,0.907716019018
449,0.934538440128
450,0.962377515915
451,0.977116394063
452,0.972869853099
453,0.97783930128
454,0.986535539945
455,0.978333595978
456,0.985854239877
457,0.99321246069
458,0.985630470089
459,0.981284378173
460,0.978212934723
461,0.959738940363
462,0.928017618824
463,0.857012719537
464,0.799244637206
465,0.831846113675
466,0.900533620852
467,0.932525002725
468,0.941226511845
469,0.922903369919
470,0.856412087548
471,0.769950322021
472,0.784795453463
473,0.859273004829
474,0.911373351957
475,0.928980841675
476,0.916409321641
477,0.917651084361
478,0.915488134641
479,0.916991937387
480,0.928089877062
481,0.940597428615
482,0.966369770809
483,0.964274938601
484,0.968861394011
485,0.97351399286
486,0.977381057744
487,0.96870172526
488,0.958546909823
489,0.937742347574
490,0.900518945863
491,0.852738893315
492,0.830382478585
493,0.82542553872
494,0.848458150845
495,0.866773954051
496,0.838511933972
497,0.788085209715
498,0.802827126235
499,0.878718419945
500,0.938061736193
501,0.962097015042
502,0.974657864883
503,0.976529006528
504,0.976629308948
505,0.978402444462
506,0.97299204597
507,0.975257248882
508,0.971486243749
509,0.966303910747
510,0.962794258619
511,0.94251617324
512,0.892109958462
513,0.795357009914
514,0.763772779589
515,0.820642347742
516,0.874204425614
517,0.878860776318
518,0.82852771986
519,0.734619430029
520,0.651664840746
521,0.62366740132
522,0.669061185446
523,0.759683646062
524,0.839184700668
525,0.895409097035
526,0.917676379707
527,0.942509072244
528,0.956536693862
529,0.970631967983
530,0.980326334407
531,0.973395167383
532,0.970209275761
533,0.963867999631
534,0.965315150436
535,0.961635008789
536,0.969754982217
537,0.949933946538
538,0.897958045438
539,0.830160788996
540,0.836432625922
541,0.897815919686
542,0.946711615625
543,0.970455710416
544,0.987723954136
545,0.979109115227
546,0.984045249311
547,0.987633336336
548,0.988655863527
549,0.99310017966
550,0.993761297699
551,0.980306255306
552,0.975076171216
553,0.956089156598
554,0.947960423021
555,0.950626401952
556,0.96418808937
557,0.97808084578
558,0.973276402899
559,0.972652550195
560,0.975683348925
561,0.966893469182
562,0.956291211717
563,0.922568920926
564,0.850143664458
565,0.80975604977
566,0.845287874067
567,0.914425033348
568,0.943577951207
569,0.960446005838
570,0.965652658139
571,0.975110676594
572,0.97959410444
573,0.982463345502
574,0.984871578955
575,0.970701329011
576,0.979338929411
577,0.970176923459
578,0.969980599522
579,0.965663118569
580,0.945551771001
581,0.920689426761
582,0.87824746546
583,0.856509916348
584,0.858317419684
585,0.866556818196
586,0.869717659685
587,0.87254906694
588,0.856840673934
589,0.812625040329
590,0.774078269445
591,0.783008175187
592,0.819658354344
593,0.85103344917
594,0.878089458557
595,0.924028511705
596,0.952908805458
597,0.95997329232
598,0.974895766508
599,0.984405870534
600,0.990054283704
601,0.990156204492
602,0.986262500049
603,0.989435413502
604,0.989140995569
605,0.987756589228
606,0.984489222618
607,0.987431663075
608,0.983304893019
609,0.985157409787
610,0.988728275468
611,0.98836757974
612,0.979910854831
613,0.980838332141
614,0.989169007746
615,0.987254811477
616,0.99029845156
617,0.984813984333
618,0.988122347498
619,0.992191573113
620,0.990508363151
621,0.983236842634
622,0.986413746818
623,0.956719367246
624,0.916338445772
625,0.883492939256
626,0.899299214151
627,0.935749219972
628,0.968036017467
629,0.975381994261
630,0.984681086716
631,0.987165225056
632,0.992528618679
633,0.994417973062
634,0.990879925434
635,0.995351059189
636,1.00319903103
637,0.990789399191
638,0.987680472806
639,0.994470126057
640,0.994605741755
641,0.995734727066
642,0.99848645599
643,1.000278196
644,0.990015007254
645,0.990879019863
646,0.991776276356
647,0.977502151631
648,0.959946374196
649,0.937252966183
650,0.93311058856
651,0.958424481596
652,0.966775701151
653,0.976619362208
654,0.979537771223
655,0.980898816581
656,0.982061173781
657,0.983820370061
658,0.977623567473
659,0.958529251163
660,0.971725872037
661,0.968046930738
662,0.971994341275
663,0.980850369166
664,0.977569273273
665,0.983574546268
666,0.977672786805
667,0.973030733515
668,0.956312622799
669,0.939890762741
670,0.931894030872
671,0.941614919214
672,0.953494093449
673,0.977255445926
674,0.983065348794
675,0.992195108829
676,0.986223438131
677,0.995387891705
678,0.990876294786
679,0.990314834709
680,0.989554083714
681,0.987730686086
682,0.983914631004
683,0.978205127136
684,0.980365914505
685,0.969640097571
686,0.975022540119
687,0.958215893153
688,0.936058367382
689,0.903133492995
690,0.868509516695
691,0.844513533545
692,0.855704717546
693,0.894646429874
694,0.932795966901
695,0.950244232616
696,0.957424007831
697,0.959950964904
698,0.965071302666
699,0.947119453597
700,0.914070228795
701,0.892587691839
702,0.876954715674
703,0.894874429282
704,0.923671992339
705,0.954136605035
706,0.96724242495
707,0.979385400269
708,0.984277820162
709,0.998586215158
710,0.996327208014
711,0.996630000408
712,0.996167474107
713,0.993807985252
714,0.993811133485
715,1.00090368375
716,0.98919068971
717,0.996350487522
718,1.00021552249
719,0.998720940156
720,0.99060039254
721,0.992035113604
722,0.991005841425
723,0.990975492701
724,0.994275599957
725,0.99544452636
726,0.993882256041
727,0.994751514411
728,0.992256185273
729,0.999888659518
730,0.994427982146
731,0.998196447854
732,0.998299878231
733,0.993971010912
734,0.99017478339
735,0.976712224492
736,0.983614041224
737,0.973349291724
738,0.96541671521
739,0.970885585794
740,0.971754022226
741,0.981225433951
742,0.985095925404
743,0.985031769542
744,0.991404429489
745,0.985703921201
746,0.986006711798
747,0.99037927692
748,0.978972796592
749,0.983378845192
750,0.97957760143
751,0.979679860595
752,0.969537485965
753,0.956189921036
754,0.921013304047
755,0.896445697677
756,0.913465591447
757,0.945342838427
758,0.965673611296
759,0.970081824482
760,0.972587486458
761,0.965309842606
762,0.961838053401
763,0.960937269507
764,0.989760914696
765,0.985354893162
766,0.994409692495
767,0.994012029658
768,0.991676659351
769,0.988338656052
770,0.985467957468
771,0.979422444511
772,0.970836373081
773,0.97227495699
774,0.964823517176
775,0.965392849473
776,0.978330108795
777,0.980471634445
778,0.987226984536
779,0.9947522613
780,0.994588310543
781,0.999272903502
782,0.986435204506
783,0.989180183046
784,0.998413968447
785,0.992630984107
786,0.995109378596
787,0.98976022878
788,0.992740593802
789,0.991505764966
790,0.990304221582
791,0.99171254274
792,0.99031005844
793,0.990446844267
794,0.985831043446
795,0.984628675914
796,0.981049500452
797,0.976532487999
798,0.975764430364
799,0.966391682074
800,0.941883192031
801,0.928823314593
802,0.933778112926
803,0.951828325033
804,0.960302178442
805,0.963418020854
806,0.963988499974
807,0.949752158519
808,0.910487706692
809,0.871820790633
810,0.877075924563
811,0.926262414543
812,0.956454771571
813,0.971536591644
814,0.977504097626
815,0.980958543574
816,0.985184462416
817,0.985388164936
818,0.99595137294
819,0.984521585364
820,0.985328834181
821,0.985465538645
822,0.991370332837
823,0.98600730686
824,0.98171680375
825,0.98872948463
826,0.986585433019
827,0.982092777807
828,0.980484746031
829,0.980352770134
830,0.982200477269
831,0.980625668563
832,0.974553729378
833,0.966333002451
834,0.943343057747
835,0.889267619007
836,0.82669169551
837,0.846523439863
838,0.905940865121
839,0.950224087743
840,0.959726757169
841,0.981084649075
842,0.975445020582
843,0.980014477198
844,0.971955672994
845,0.966381380224
846,0.960537559913
847,0.950661553426
848,0.961345533143
849,0.962623190328
850,0.967126800592
851,0.959432734117
852,0.955434298507
853,0.958459563519
854,0.938259838967
855,0.915973203163
856,0.881884166251
857,0.83884778844
858,0.785819921604
859,0.724277863424
860,0.675504812708
861,0.665363408756
862,0.715217153486
863,0.774057912309
864,0.83438695992
865,0.885945167345
866,0.91971517279
867,0.95359089412
868,0.963314538024
869,0.976841679745
870,0.986063610029
871,0.987681532407
872,0.988862179344
873,0.988663072557
874,0.992031791826
875,0.990385441853
876,0.993014158215
877,0.98776536435
878,0.989922908066
879,0.992282783685
880,0.998111347865
881,0.994881969169
882,0.99343707218
883,0.992766621714
884,0.985831057037
885,0.989471688402
886,0.989575630241
887,0.98759080231
888,0.989547710947
889,0.986046330502
890,0.989014324953
891,0.982883836953
892,0.979785661492
893,0.983899794422
894,0.981610214782
895,0.977601139497
896,0.973827475824
897,0.971266980302
898,0.939979741177
899,0.871192744755
900,0.829845027998
901,0.864167186287
902,0.917954122905
903,0.960584608873
904,0.966083556467
905,0.978700988691
906,0.98275137616
907,0.9864649598
908,0.979213446559
909,0.976279978286
910,0.977834202236
911,0.975878898504
912,0.953099575866
913,0.923229011238
914,0.884476687421
915,0.861348427672
916,0.885142707646
917,0.914578626763
918,0.939325484415
919,0.941553409847
920,0.92598528306
921,0.919060471036
922,0.903860040832
923,0.914023533175
924,0.90142154904
925,0.857367451372
926,0.794388247921
927,0.811472976891
928,0.891237696431
929,0.944285217592
930,0.962702210284
931,0.976525616776
932,0.990080608124
933,0.988968124234
934,0.983697727095
935,0.996106746873
936,0.996887685832
937,0.995471078918
938,0.992160768985
939,0.994835229746
940,0.994703232549
941,0.99396246103
942,0.993796560637
943,0.99711456754
944,0.995866404739
945,0.991742565311
946,0.989005241905
947,0.990699810987
948,0.990635116829
949,0.989724437276
950,0.989490457019
951,0.988579565898
952,0.986179308123
953,0.979750712202
954,0.971594791946
955,0.962354394751
956,0.948271278113
957,0.931680632475
958,0.92429775136
959,0.935369259382
960,0.953113874093
961,0.974349429446
962,0.984952695279
963,0.993321865774
964,0.998406328517
965,1.00237355306
966,0.996380587514
967,0.999501170407
968,0.997776649179
969,0.997136277904
970,0.995140222964
971,1.00402328723
972,0.996434822398
973,0.99501453969
974,0.999594263772
975,0.990240956371
976,0.994380237507
977,0.98448271253
978,0.98963944922
979,0.977366358251
980,0.965566309152
981,0.939383996982
982,0.92218644388
983,0.934328358471
984,0.957734687008
985,0.971407556762
986,0.985659167848
987,0.99594288962
988,0.98966856717
989,0.997680344184
990,0.991269495261
991,1.00216749382
992,0.996197309508
993,0.991040964635
994,0.988565773924
995,0.983272343326
996,0.972070357633
997,0.94891450685
998,0.892306988063
999,0.825876882516
1000,0.826037887415
1001,0.904692057951
1002,0.944430800107
1003,0.976328191331
1004,0.983226531834
1005,0.997634277907
1006,1.00222468439
1007,1.00168482776
1008,1.00967438594
1009,1.00492091074
1010,1.00156021779
1011,1.00622052843
1012,1.0030973895
1013,1.01578111262
1014,1.00667480078
1015,1.00015111441
1016,0.999984777735
1017,1.00440895173
1018,0.998291776989
1019,0.997002979746
1020,0.988163495357
1021,0.979934990367
1022,0.963813558996
1023,0.93340200901
1024,0.858520615504
1025,0.788187627121
1026,0.831218871638
1027,0.901070625887
1028,0.946089925416
1029,0.964910097386
1030,0.976721621474
1031,0.980569922146
1032,0.990682236912
1033,0.985136224545
1034,0.994773682055
1035,0.990112412257
1036,0.995120765889
1037,0.982149976168
1038,0.988077968017
1039,0.972278025002
1040,0.963866855898
1041,0.94772228063
1042,0.947143089295
1043,0.952661886509
1044,0.964893243861
1045,0.975252379639
1046,0.978695823071
1047,0.986535723428
1048,0.988583205323
1049,0.996629434985
1050,0.996326100756
1051,0.995340982543
1052,0.991628565247
1053,0.997188616283
1054,0.99361217569
1055,0.997809295672
1056,0.998460694968
1057,0.994610760883
1058,0.991988023493
1059,0.98776189777
1060,0.995984976625
1061,0.981490961018
1062,0.990055911266
1063,0.981768575633
1064,0.975629537909
1065,0.968056520942
1066,0.943386394134
1067,0.904209063139
1068,0.879769695521
1069,0.898639250854
1070,0.93048229419
1071,0.954478623675
1072,0.968987896346
1073,0.977046611584
1074,0.979916684022
1075,0.977050659088
1076,0.98862897503
1077,0.982860345657
1078,0.979925607163
1079,0.967734243825
1080,0.948265431247
1081,0.915676126996
1082,0.854248468093
1083,0.763053754397
1084,0.659067064163
1085,0.601981474912
1086,0.6215034129
1087,0.703056532146
1088,0.801744514446
1089,0.883459089777
1090,0.934284191442
1091,0.95882815265
1092,0.971956951591
1093,0.985258593606
1094,0.985056056033
1095,0.981775928972
1096,0.979863232233
1097,0.97733465896
1098,0.980551742718
1099,0.983358830626
1100,0.99283677434
1101,0.982234869016
1102,0.986240118632
1103,0.974883482025
1104,0.964038467019
1105,0.933652395007
1106,0.875131254052
1107,0.816807018703
1108,0.835074803344
1109,0.894112739312
1110,0.951379124033
1111,0.969626338351
1112,0.984966035825
1113,0.99198774083
1114,0.995038386913
1115,0.997404583855
1116,0.994976549809
1117,0.9874792512
1118,0.986625737085
1119,0.99334231427
1120,0.981424141668
1121,0.98375612139
1122,0.987835788946
1123,0.979580912355
1124,0.984963003548
1125,0.986610528422
1126,0.983494527175
1127,0.968690587145
1128,0.963961839189
1129,0.949908489318
1130,0.941955231553
1131,0.881751907016
1132,0.798465037298
1133,0.768005512169
1134,0.821555759404
1135,0.879983492785
1136,0.929262518856
1137,0.944524124286
1138,0.941951199794
1139,0.941230313668
1140,0.921812347873
1141,0.904347178701
1142,0.884717869163
1143,0.862992577357
1144,0.83522447377
1145,0.849561501283
1146,0.869357684392
1147,0.893206934147
1148,0.918364031617
1149,0.94359342689
1150,0.961925901995
1151,0.981428375571
1152,0.981465063871
1153,0.985141654843
1154,0.982465667177
1155,0.994728769208
1156,0.991881357563
1157,0.990785312146
1158,0.998208177085
1159,0.991272323782
1160,0.997974821717
1161,0.992618440177
1162,0.998325536361
1163,0.991971862126
1164,0.989706823088
1165,0.983248498557
1166,0.977751626113
1167,0.974350739645
1168,0.966342979978
1169,0.966550512737
1170,0.975353314341
1171,0.984363692469
1172,0.993925551637
1173,0.992484499035
1174,0.984956044099
1175,0.985887278108
1176,0.990499009467
1177,0.988094135246
1178,0.967353233998
1179,0.963673407222
1180,0.957412605266
1181,0.953559481953
1182,0.962713111318
1183,0.978096889054
1184,0.980576947579
1185,0.986017345383
1186,0.98918675561
1187,0.985230990187
1188,0.988848339438
1189,0.987370816996
1190,0.985927510966
1191,0.987824030686
1192,0.983763423283
1193,0.985935568051
1194,0.982390846826
1195,0.975435719133
1196,0.968686256673
1197,0.96241809107
1198,0.955735604948
1199,0.943815238188
1200,0.925070880179
1201,0.908908176557
1202,0.879165544951
1203,0.815851273633
1204,0.747564718517
1205,0.657139545804
1206,0.559462349506
1207,0.500208780754
1208,0.50090016926
1209,0.559446401344
1210,0.651171767259
1211,0.749427829598
1212,0.825765135921
1213,0.886421310039
1214,0.920114399755
1215,0.937428008124
1216,0.952191434505
1217,0.961713243654
1218,0.954054961041
1219,0.955987528095
1220,0.959197097327
1221,0.95188204556
1222,0.923928354711
1223,0.873502305098
1224,0.826382456285
1225,0.848914139134
1226,0.920814186036
1227,0.937176303473
1228,0.96738575339
1229,0.965522553692
1230,0.971186860052
1231,0.971257547486
1232,0.974125670557
1233,0.96003574414
1234,0.943733133008
1235,0.922592035813
1236,0.882274733529
1237,0.808197490218
1238,0.72301852116
1239,0.629776128334
1240,0.581546931691
1241,0.597693670068
1242,0.675154458202
1243,0.773088295909
1244,0.844524044786
1245,0.885273084936
1246,0.91873350945
1247,0.911609093174
1248,0.861021123376
1249,0.816615403736
1250,0.83386189108
1251,0.897142123771
1252,0.951300755116
1253,0.964375565566
1254,0.986065568349
1255,0.98253968503
1256,0.993405454014
1257,0.993962282785
1258,0.996283874383
1259,0.991511959244
1260,0.989784732997
1261,0.987953427251
1262,0.992386571448
1263,0.993324326067
1264,0.998416227205
1265,0.997000448051
1266,0.996311520062
1267,0.995760988827
1268,0.988319633522
1269,0.981639038343
1270,0.979494247827
1271,0.969279320639
1272,0.962353413622
1273,0.976452667553
1274,0.974826502304
1275,0.980302232657
1276,1.00064236069
1277,0.993473667841
1278,0.981937757933
1279,0.982286715821
1280,0.963782205334
1281,0.955534273302
1282,0.953766980364
1283,0.961532249453
1284,0.977584146084
1285,0.979181054052
1286,0.988059399538
1287,0.991183003594
1288,0.999092554946
1289,0.986611420489
1290,0.997781952645
1291,0.994733237673
1292,0.993036893705
1293,0.990785259346
1294,0.989816924963
1295,0.985378927017
1296,0.987532853739
1297,0.983406342241
1298,0.981673722541
1299,0.976505017663
1300,0.969530745286
1301,0.966685995865
1302,0.974671282502
1303,0.981789849472
1304,0.977626086014
1305,0.983565410364
1306,0.982422081453
1307,0.989300219876
1308,0.993088552445
1309,0.995661862496
1310,1.00552954602
1311,1.00080961297
1312,1.00769161561
1313,1.00422182377
1314,0.994393464859
1315,0.993736619853
1316,0.994608616172
1317,0.997392052127
1318,1.00410306066
1319,1.00375954041
1320,1.0067180523
1321,0.999422411382
1322,1.00331966316
1323,0.998212987487
1324,0.990776043618
1325,0.995299405576
1326,0.990364889501
1327,0.998853416465
1328,0.991762130427
1329,0.980704691393
1330,0.96856731944
1331,0.965507521446
1332,0.964325899461
1333,0.969789356643
1334,0.973827042728
1335,0.98009232912
1336,0.988550906418
1337,0.993008482439
1338,0.992454841593
1339,0.993537058478
1340,0.990059354859
1341,0.989435751125
1342,0.985887606444
1343,0.984427986757
1344,0.978302274954
1345,0.974822176994
1346,0.971724644216
1347,0.966920101746
1348,0.940520124505
1349,0.890534488553
1350,0.866284816479
1351,0.906168122181
1352,0.95441899065
1353,0.977799045502
1354,0.990484948613
1355,0.995297041003
1356,0.99944767748
1357,0.995756945707
1358,0.997189473707
1359,1.00653505925
1360,0.993466447687
1361,0.998455198108
1362,0.991206701072
1363,0.995742726822
1364,0.995397455982
1365,1.00007395149
1366,1.00189127845
1367,0.99634943374
1368,0.993841457845
1369,0.996321523154
1370,0.991371117825
1371,0.994932928823
1372,0.975501645251
1373,0.942737900771
1374,0.882749821372
1375,0.860199953333
1376,0.904344391593
1377,0.957081835945
1378,0.977991779433
1379,0.982846359707
1380,0.993217785381
1381,0.999191473879
1382,1.00191872715
1383,1.00178294761
1384,1.00552354561
1385,1.00741366553
1386,1.0054969508
1387,1.0048025113
1388,1.00106881725
1389,1.00868856442
1390,0.999504289646
1391,1.00548284025
1392,1.00380973787
1393,1.00259068248
1394,1.00549533787
1395,1.01116153423
1396,1.01508089681
1397,1.00358526388
1398,1.00233078432
1399,1.01104003322
1400,1.0076531339
1401,1.0095456395
1402,1.00510906592
1403,1.00951960428
1404,1.00046580873
1405,0.998336037789
1406,0.989385020209
1407,0.991242034388
1408,0.999186590609
1409,0.999994995038
1410,1.00213311817
1411,0.999022750635
1412,1.00812504707
1413,1.0055046235
1414,0.999278835554
1415,1.00026261645
1416,0.987174553198
1417,0.979335688279
1418,0.974751607164
1419,0.987533147709
1420,0.989216730425
1421,0.990025114999
1422,1.00641771958
1423,1.00390030479
1424,1.00698661775
1425,1.00877734275
1426,1.00923716203
1427,1.0044070088
1428,1.010472328
1429,1.00630728513
1430,1.00599615269
1431,1.00834829779
1432,1.00337610973
1433,1.00478208829
1434,1.00285838237
1435,1.00219633932
1436,1.00044744145
1437,1.00809416873
1438,1.01048274746
1439,1.00634969169
1440,1.00744101406
1441,1.00705957318
1442,1.01250006527
1443,1.01418835624
1444,1.01096605932
1445,1.0036740054
1446,0.985645598033
1447,0.988490213919
1448,0.976598379933
1449,0.981267447343
1450,0.983059581271
1451,0.985904847526
1452,1.00071901056
1453,1.00777809618
1454,1.00135853491
1455,1.01333354693
1456,1.01154777637
1457,1.0139399691
1458,1.01577069584
1459,1.01774215899
1460,1.01778237158
1461,1.01027145635
1462,1.0104867426
1463,1.00852420206
1464,1.01344672422
1465,1.00927079906
1466,0.989986396172
1467,0.988092030399
1468,0.975831154619
1469,0.978644536477
1470,0.980228261298
1471,1.00117853184
1472,0.999249143338
1473,1.00983385797
1474,1.00540879269
1475,1.01283131351
1476,1.00126821409
1477,1.00102595084
1478,1.00155729939
1479,0.992698760762
1480,0.986265709094
1481,0.968822358632
1482,0.951517126639
1483,0.905679287598
1484,0.851320739777
1485,0.848815433572
1486,0.901095398954
1487,0.945359963711
1488,0.97615260158
1489,0.990830727202
1490,0.997204512664
1491,0.999355277336
1492,0.990734447395
1493,0.983837380414
1494,0.967503664579
1495,0.959019392321
1496,0.936624811492
1497,0.93084857345
1498,0.943314407263
1499,0.954478928705
1500,0.973922569068
1501,0.977447010336
1502,0.994358793568
1503,1.00271193449
1504,0.993449464971
1505,0.991197647117
1506,0.982708203133
1507,0.971327690647
1508,0.933441870777
1509,0.900555466082
1510,0.911584937126
1511,0.947468726063
1512,0.980361202709
1513,0.98871951068
1514,0.998736275601
1515,1.00074994041
1516,1.00244651841
1517,0.997583547313
1518,0.994694993977
1519,1.00129444621
1520,0.999852039485
1521,1.0021489115
1522,0.991462768103
1523,0.994076909233
1524,0.994221411553
1525,0.999412224273
1526,0.985899389225
1527,0.989925653692
1528,0.98219874632
1529,0.977153431093
