0,0.971749031025
1,1.03985758828
2,1.02577218852
3,1.00317994241
4,0.98804480197
5,0.981129346678
6,0.971927995876
7,0.963710005368
8,0.955935835457
9,0.921336537746
10,0.88902046502
11,0.823399093137
12,0.739168361703
13,0.658836746273
14,0.593961955841
15,0.601857907448
16,0.678468098992
17,0.772040588625
18,0.852028542655
19,0.926782453938
20,0.958732426164
21,0.976456756425
22,0.983669818134
23,0.988342511957
24,0.993142592802
25,0.983522429713
26,0.988068566906
27,0.986897204401
28,0.977784041429
29,0.978359462868
30,0.976329854733
31,0.975729763725
32,0.978688032746
33,0.991527797072
34,0.994804589205
35,0.999289064908
36,0.998244831168
37,1.00025113371
38,0.992438069308
39,0.990440089155
40,0.994670973
41,0.994961219084
42,0.989721251819
43,0.991918386166
44,0.989856455175
45,0.991863035001
46,0.992057869313
47,0.992157351606
48,0.989713652452
49,0.989272609949
50,0.991152363158
51,0.98530647806
52,0.980509386951
53,0.982706983193
54,0.982392794258
55,0.979471153604
56,0.988569348156
57,0.995283185257
58,0.990103796832
59,0.993192688443
60,0.999175937825
61,0.998289778793
62,0.992091957834
63,0.995722090026
64,0.992259239102
65,0.992422412399
66,0.996434677966
67,0.991221831203
68,0.987949192905
69,0.983308313857
70,0.982294030405
71,0.984811287625
72,0.987137822244
73,0.994714602498
74,0.992268694216
75,0.994182079465
76,0.987026302774
77,0.992503841886
78,0.994099199505
79,0.989870594073
80,0.992866347559
81,0.991056309336
82,1.0000680089
83,0.994661290148
84,0.989540661509
85,0.991709301238
86,0.991044904137
87,0.990444128463
88,0.985099752919
89,0.981856238694
90,0.98533036144
91,0.976705760026
92,0.972283487864
93,0.966937485208
94,0.950891889417
95,0.945385503421
96,0.939687647043
97,0.944594207768
98,0.960711441468
99,0.955968980397
100,0.956990989479
101,0.965243239832
102,0.957952258222
103,0.96008931476
104,0.967482505942
105,0.980737659635
106,0.986603012855
107,0.992086496903
108,0.987917088484
109,0.995280769776
110,0.9933414696
111,0.997392180783
112,0.996695499505
113,1.00093781522
114,0.993326294601
115,0.99795120153
116,0.995342341947
117,0.991713470719
118,0.989582254528
119,1.00584088947
120,0.997144210349
121,0.99214429258
122,0.991000914793
123,0.99167440809
124,0.97660044345
125,0.982342176459
126,0.980592559587
127,0.973901258315
128,0.975052485741
129,0.973398063709
130,0.976462425692
131,0.977645757117
132,0.973599738862
133,0.975006268
134,0.977210127216
135,0.981040550528
136,0.975176256189
137,0.983025350358
138,0.986856402101
139,0.990879101527
140,0.988076334977
141,0.99650118785
142,1.00180061114
143,1.00225168908
144,0.996322659807
145,0.99454044145
146,0.999011085022
147,1.0019825571
148,0.994585011139
149,0.998226574691
150,0.995231610957
151,0.994374320044
152,0.997441893351
153,0.996520798185
154,0.992440319337
155,0.98685961182
156,0.991618832228
157,0.994399620817
158,1.00190431699
159,0.994567647304
160,0.987453879116
161,0.997033967648
162,0.993941889691
163,0.99895796015
164,0.994812239005
165,0.992709419666
166,0.988818579689
167,0.991855696276
168,0.982664406203
169,0.979634878415
170,0.970027374695
171,0.957130175007
172,0.960422157
173,0.949280058703
174,0.95477554393
175,0.944558593125
176,0.927729770737
177,0.896431366266
178,0.843666910073
179,0.780677399086
180,0.72413568453
181,0.723267598853
182,0.76386378567
183,0.83723947078
184,0.904454700924
185,0.94608425296
186,0.968994463705
187,0.983215778356
188,0.993124639937
189,0.993959592191
190,0.997350932076
191,0.998697382822
192,0.997103941715
193,1.00442654777
194,1.00382392001
195,0.998459223347
196,0.999006932834
197,0.998467966512
198,0.997289693187
199,0.999883151238
200,0.995763997844
201,0.997110880876
202,0.989091225588
203,0.99302746946
204,0.997027940622
205,0.994794254058
206,1.00103316957
207,0.989367177223
208,0.982496589218
209,0.98883166699
210,0.975341247119
211,0.958108358388
212,0.945415329566
213,0.917082742668
214,0.888364308328
215,0.874867773884
216,0.888205117619
217,0.916640590922
218,0.943446815194
219,0.963857425105
220,0.970450274011
221,0.97538011461
222,0.978710747846
223,0.981881661239
224,0.987356349176
225,0.988832082755
226,0.986148444994
227,0.981384796512
228,0.984780373179
229,0.976848378415
230,0.976691964621
231,0.969687149935
232,0.978523302908
233,0.973822343433
234,0.977826487969
235,0.9729011151
236,0.973128615075
237,0.971819708391
238,0.975536273798
239,0.98216612482
240,0.981657712343
241,0.990721294571
242,0.985891178972
243,0.987175732488
244,0.984458256522
245,0.986127069283
246,0.986675327537
247,0.97540806617
248,0.974514999178
249,0.964175134702
250,0.949287109782
251,0.941539609142
252,0.940196808411
253,0.946540507908
254,0.947728055762
255,0.948979749885
256,0.952281519063
257,0.958306263045
258,0.953696380038
259,0.950079230297
260,0.958731478074
261,0.95902274234
262,0.968669125745
263,0.97681037167
264,0.988092165263
265,0.988544750676
266,0.990503375149
267,0.988648924306
268,0.99025520028
269,0.988817205517
270,0.984911459238
271,0.990908422941
272,0.994566196418
273,0.986365416243
274,0.988773261488
275,0.986854099693
276,0.99301250046
277,0.996029907291
278,0.99523278525
279,0.999148114173
280,0.997838102868
281,0.994924984643
282,0.997237661292
283,1.00006350785
284,1.00010001562
285,1.00183596614
286,0.993823955705
287,0.994533651893
288,1.0022984522
289,0.993066936606
290,1.00355826511
291,1.00551922577
292,0.993977553034
293,0.99696468384
294,1.00046523996
295,0.999571555154
296,0.997362615725
297,0.99329293523
298,0.996569307733
299,0.985698064526
300,0.991765574357
301,0.980476274046
302,0.973260921055
303,0.986227129736
304,0.984851323492
305,0.98196726492
306,0.986720298648
307,0.986756349586
308,0.985476637165
309,0.989492180531
310,0.990651633663
311,0.995020708686
312,1.00856971472
313,0.988545498697
314,0.993492755787
315,0.99567976903
316,0.997160714929
317,0.998160232934
318,0.993862732756
319,0.99987054534
320,0.985555743241
321,0.982670023599
322,0.973651411941
323,0.965884409494
324,0.95516266161
325,0.953110315565
326,0.952663468114
327,0.954946290526
328,0.965161764348
329,0.971459772718
330,0.978111536061
331,0.984956498959
332,0.982968957126
333,0.992352172656
334,0.993480625706
335,1.00267217078
336,0.991657940174
337,0.99995056594
338,0.995264462582
339,0.986529857666
340,0.995240888333
341,0.997558568018
342,0.982011153186
343,0.978512455322
344,0.964923387439
345,0.95988131413
346,0.952814274089
347,0.959758731587
348,0.973163600986
349,0.987533651425
350,0.993451624152
351,0.9950308124
352,0.997735139748
353,1.00339697793
354,1.00195499067
355,0.992958339133
356,0.994762835976
357,0.99695325786
358,0.994803510648
359,0.992717909582
360,0.993397308868
361,0.994591223809
362,0.984498717049
363,0.991930749556
364,0.996694241222
365,1.00280875251
366,0.999854589838
367,0.993458964172
368,1.00063538661
369,1.00208722468
370,0.996366437197
371,0.997335736842
372,0.996696753838
373,1.00210535522
374,0.997767015743
375,0.998125267155
376,0.999931275174
377,0.990380359113
378,0.995886242161
379,0.992898243743
380,0.992001498909
381,0.98695376779
382,0.98451215429
383,0.970002848093
384,0.960738016855
385,0.958262992014
386,0.946744201451
387,0.924667967575
388,0.889200767672
389,0.848323533436
390,0.83621963611
391,0.872044974798
392,0.916660987292
393,0.931245291783
394,0.930667757164
395,0.900471524416
396,0.858779330458
397,0.863962258657
398,0.898445502605
399,0.92269202082
400,0.924110451323
401,0.940502577732
402,0.950004581071
403,0.959378466649
404,0.963857907757
405,0.96122015228
406,0.958356753119
407,0.956974728417
408,0.951695248137
409,0.939554497229
410,0.914592519025
411,0.873586594563
412,0.811058533579
413,0.79088919714
414,0.806414404432
415,0.820007682123
416,0.803928266262
417,0.795387191187
418,0.801345099211
419,0.821126912796
420,0.84990059555
421,0.873423730708
422,0.867171690523
423,0.840873831913
424,0.846738035312
425,0.894501189898
426,0.920898820145
427,0.922189662265
428,0.915454537376
429,0.92087127286
430,0.921259660815
431,0.915007311139
432,0.893570445923
433,0.861396388276
434,0.816323857151
435,0.767540248847
436,0.719107728038
437,0.671735697636
438,0.654380296217
439,0.680652724908
440,0.743818086439
441,0.812244602381
442,0.864261020993
443,0.893899111991
444,0.917282468844
445,0.923863572863
446,0.920768814407
447,0.919512401871
448,0.933835958114
449,0.950579919461
450,0.976906100479
451,0.981781043051
452,0.98649503577
453,0.979659299736
454,0.986632038363
455,0.985829388163
456,0.982477638514
457,0.976415170873
458,0.966028251173
459,0.969548891496
460,0.962065353204
461,0.944480046683
462,0.906335260999
463,0.852018080052
464,0.822839771407
465,0.85220980845
466,0.903079280631
467,0.927225165886
468,0.925354690194
469,0.898756255042
470,0.843714595882
471,0.799064378719
472,0.815462403548
473,0.865149013885
474,0.90260224447
475,0.920232861144
476,0.911871276345
477,0.914649556767
478,0.913294609966
479,0.92001296878
480,0.926215104709
481,0.939587407825
482,0.953542043675
483,0.963298917579
484,0.96294674717
485,0.961237919499
486,0.967927469125
487,0.95562327474
488,0.942413654577
489,0.915990113676
490,0.879452635893
491,0.851797135909
492,0.828469015882
493,0.832925996617
494,0.849015424039
495,0.858578884081
496,0.831176039443
497,0.81766663159
498,0.842095444136
499,0.903852634482
500,0.944478021875
501,0.95779619868
502,0.976577596725
503,0.981106312243
504,0.972996938292
505,0.980305764219
506,0.970450175491
507,0.968934201732
508,0.964508588209
509,0.956817391542
510,0.941818942281
511,0.916343930716
512,0.858340195482
513,0.805634972411
514,0.794023948114
515,0.822703250799
516,0.862153090277
517,0.848214470559
518,0.80565392974
519,0.729584787227
520,0.673691684985
521,0.66715074901
522,0.707962056565
523,0.780669475585
524,0.848724261787
525,0.897763241955
526,0.921832002785
527,0.943152725905
528,0.960786902385
529,0.966839969026
530,0.964966680714
531,0.956589802659
532,0.954651285374
533,0.951903678629
534,0.950935617583
535,0.950258727451
536,0.945083547026
537,0.924082657107
538,0.882270278992
539,0.83848055326
540,0.851360837238
541,0.899069397886
542,0.94383593253
543,0.959052148236
544,0.973751549804
545,0.971586130995
546,0.974665038435
547,0.97968664662
548,0.97467214058
549,0.978431418204
550,0.975488697351
551,0.968595480446
552,0.962057941124
553,0.949464537318
554,0.944868785686
555,0.949631703562
556,0.954071119608
557,0.961490421071
558,0.956926822719
559,0.956670610012
560,0.95184737667
561,0.943849442363
562,0.935850918132
563,0.901807295644
564,0.854576453196
565,0.832319486284
566,0.872587572937
567,0.913117817863
568,0.942311178353
569,0.960620011498
570,0.963344818024
571,0.969861003218
572,0.976280455951
573,0.971714877684
574,0.971005373402
575,0.974249593971
576,0.966118422745
577,0.963496419714
578,0.964763614887
579,0.948009390285
580,0.929179433728
581,0.894756382781
582,0.865290497454
583,0.856537269978
584,0.85562874
585,0.858318759849
586,0.860976557119
587,0.851151939879
588,0.835198543991
589,0.804523129463
590,0.791420318374
591,0.805004087176
592,0.834478750907
593,0.862625979688
594,0.902385493941
595,0.928169776971
596,0.95051805132
597,0.968456906192
598,0.983218403453
599,0.983676391364
600,0.993314347806
601,0.988160772958
602,0.994166290237
603,0.986254836433
604,0.981230200655
605,0.989215206723
606,0.994345632045
607,0.992857387166
608,0.985885401704
609,0.985045708654
610,0.982453658092
611,0.979861415996
612,0.978891598042
613,0.985223748854
614,0.983734781975
615,0.98825004868
616,0.989000624236
617,0.982772718557
618,0.984561851483
619,0.985507138208
620,0.980609351161
621,0.973601099988
622,0.964352293435
623,0.953998975859
624,0.918775393894
625,0.901536429396
626,0.909881848441
627,0.938749120171
628,0.96463114741
629,0.971453607358
630,0.98145901508
631,0.987373298594
632,0.984097223018
633,0.988875328493
634,0.984364875028
635,0.992651174647
636,1.00298439747
637,0.991620196327
638,0.986232122114
639,0.986203628224
640,0.987409597259
641,0.99374862102
642,0.996124538057
643,0.986057142054
644,0.985606256946
645,0.984862911103
646,0.983632113271
647,0.967193875678
648,0.963915114239
649,0.944290250319
650,0.946112575665
651,0.958009770547
652,0.974262892336
653,0.977939117398
654,0.98099806225
655,0.979636695644
656,0.983931125726
657,0.987868303709
658,0.990115379807
659,0.972369730522
660,0.980338154079
661,0.976115477421
662,0.984897438981
663,0.975992662861
664,0.983279589998
665,0.977007889692
666,0.967353937068
667,0.960918590772
668,0.947751210827
669,0.942582973519
670,0.936861479347
671,0.947856492459
672,0.9601207721
673,0.972971421241
674,0.980163354563
675,0.980427350202
676,0.987620092369
677,0.992666358329
678,0.991206669244
679,0.991275915939
680,0.991410235874
681,0.987803010927
682,0.985627123175
683,0.987843659654
684,0.977663048853
685,0.970735691798
686,0.962213298403
687,0.950012971883
688,0.924631543638
689,0.89150254738
690,0.867321276109
691,0.861983108495
692,0.878386957805
693,0.904524391603
694,0.9313147814
695,0.948406619056
696,0.954333925579
697,0.959252480319
698,0.946721512109
699,0.924878322328
700,0.908698635434
701,0.892224714557
702,0.893755577378
703,0.906390125802
704,0.931562366896
705,0.955629291402
706,0.970221464245
707,0.982795588478
708,0.990029520767
709,0.99306258344
710,0.988083590238
711,0.995904809595
712,0.985095045837
713,0.989105591576
714,0.992888409246
715,0.992273708743
716,0.993352992406
717,0.993031471869
718,0.993947964147
719,0.995679052438
720,0.986006453855
721,0.987541874747
722,1.00113376594
723,0.996967319709
724,0.997688639042
725,0.99583553036
726,0.996393913311
727,0.997832289094
728,0.990894627191
729,0.997058921268
730,0.997095921774
731,0.986506749564
732,0.995246717467
733,0.987231936548
734,0.988148757827
735,0.982708555593
736,0.975311848721
737,0.971207484599
738,0.966059484562
739,0.96974714143
740,0.974641513365
741,0.982307905867
742,0.981920458963
743,0.981989525426
744,0.984145724275
745,0.982095061165
746,0.977337301593
747,0.980504632773
748,0.974670125943
749,0.977641888807
750,0.97040424122
751,0.970831718762
752,0.957525764801
753,0.940662995611
754,0.915806222109
755,0.90579183504
756,0.924944258383
757,0.950395137193
758,0.953040708608
759,0.960254611611
760,0.95732088796
761,0.957062767074
762,0.96042690919
763,0.963040710434
764,0.973291435824
765,0.977603023484
766,0.98374266088
767,0.987761204231
768,0.985904765417
769,0.984537813552
770,0.984247974965
771,0.972238887071
772,0.968096424208
773,0.963823067343
774,0.973065552455
775,0.974179138071
776,0.980843332979
777,0.984406143247
778,0.991887528434
779,0.98820187118
780,0.99107959717
781,0.988405978803
782,0.989683711829
783,0.991255467761
784,0.989887952423
785,0.983849800525
786,0.992966505575
787,0.997151698363
788,0.993791650534
789,0.985727457171
790,0.991676874152
791,0.99275914632
792,0.992338698007
793,0.99149349799
794,0.994078796906
795,0.987287070399
796,0.982193909878
797,0.971447480592
798,0.97184306754
799,0.959886363994
800,0.943222949952
801,0.944859390906
802,0.949698764436
803,0.958100940639
804,0.96451000748
805,0.974743742119
806,0.958109846862
807,0.942912977778
808,0.913135665328
809,0.897739849598
810,0.919807317196
811,0.946518789686
812,0.962802894109
813,0.983502052725
814,0.982001936191
815,0.986779639336
816,0.983252208985
817,0.984498715087
818,0.996405908896
819,0.990523868072
820,0.995139259755
821,0.993933529313
822,0.986480847401
823,0.989559361036
824,0.989236418085
825,0.992249844161
826,0.992515774532
827,0.985814031959
828,0.988402393192
829,0.991252664115
830,0.986905665227
831,0.981969435656
832,0.967642696189
833,0.962149150034
834,0.930642235661
835,0.892817642766
836,0.866312438302
837,0.888564555669
838,0.927475651231
839,0.956244338798
840,0.975327676858
841,0.97827692281
842,0.98734698414
843,0.983095928801
844,0.980284804087
845,0.976360509858
846,0.964153882833
847,0.963174984998
848,0.974145302924
849,0.969238024821
850,0.973497641912
851,0.967313057709
852,0.962404976104
853,0.947509645262
854,0.927635948532
855,0.899901652829
856,0.866106993745
857,0.829755411045
858,0.778630874601
859,0.735002551514
860,0.700803673548
861,0.713701990852
862,0.758373493589
863,0.809403009924
864,0.867642941354
865,0.903545896594
866,0.942039550787
867,0.968709363433
868,0.979425974198
869,0.991552211625
870,0.99286702108
871,0.995590860902
872,0.997626795086
873,0.995730683792
874,0.994883056107
875,0.99800062674
876,1.00380573234
877,0.991684329471
878,0.99637530215
879,0.998411797416
880,1.00398834678
881,1.00536971627
882,0.992066054463
883,1.0038712942
884,0.995221593996
885,0.994603080218
886,0.997066236185
887,0.991366002565
888,0.990288262367
889,0.991866260259
890,0.99291975025
891,0.990005688788
892,0.985681372843
893,0.990538712395
894,0.977950004337
895,0.976018805572
896,0.964478101738
897,0.951198259083
898,0.922764331528
899,0.883930639846
900,0.869268644501
901,0.893640621338
902,0.937762307894
903,0.966140876894
904,0.979496301853
905,0.98291205851
906,0.984293930696
907,0.989153758664
908,0.986434572849
909,0.977218332421
910,0.972825003583
911,0.956552376987
912,0.942477210378
913,0.92498799434
914,0.892368137684
915,0.886231371422
916,0.898473886303
917,0.921712749938
918,0.934187269705
919,0.934681726941
920,0.927068231154
921,0.915843185569
922,0.906521343693
923,0.918078399533
924,0.885544584046
925,0.851695056098
926,0.831140456767
927,0.857143585313
928,0.920614177817
929,0.954437781549
930,0.972140386191
931,0.982948046713
932,0.986991352107
933,0.996289652128
934,0.987130850809
935,0.996265630036
936,0.992689879697
937,1.00028175329
938,0.99703436537
939,0.989746283407
940,0.997437450015
941,0.994813772747
942,0.989660227269
943,0.995709548169
944,0.996863875956
945,0.993089804721
946,0.992929808935
947,0.986263713711
948,0.988600830101
949,0.990839536913
950,0.990778021135
951,0.983059201455
952,0.980433906286
953,0.98129225357
954,0.969332287497
955,0.956549704669
956,0.943338853868
957,0.936372566001
958,0.934501002764
959,0.944365240915
960,0.965144722832
961,0.981388838287
962,0.984976341095
963,0.989254565355
964,0.990179356168
965,0.994523857868
966,0.993015617546
967,0.997689387057
968,1.00180446387
969,0.994475488066
970,0.998952513287
971,0.994747294744
972,0.999027326705
973,0.998933173535
974,0.990911980607
975,0.988514972605
976,0.987400678968
977,0.984509920693
978,0.980829413561
979,0.961160002526
980,0.952411799843
981,0.935964136653
982,0.927938181119
983,0.943602030205
984,0.960484522161
985,0.976775974567
986,0.976253150363
987,0.984845878533
988,0.993801255177
989,0.996010601463
990,0.990584535799
991,0.986639157719
992,0.988716826237
993,0.987568914596
994,0.975887507051
995,0.965982803442
996,0.952324548834
997,0.928459882172
998,0.878354719183
999,0.847110721951
1000,0.867786017974
1001,0.917206863512
1002,0.951452169888
1003,0.965087108329
1004,0.9840576071
1005,0.986202052446
1006,0.99667838273
1007,0.990129163117
1008,0.997411810304
1009,0.992377156375
1010,0.997684234711
1011,0.995481871997
1012,0.998154334741
1013,0.989462573284
1014,0.993584440993
1015,0.989042653009
1016,0.985357070086
1017,0.995310566357
1018,0.975019886206
1019,0.980888217327
1020,0.972490066861
1021,0.964058336038
1022,0.932955351925
1023,0.895490159084
1024,0.851365455798
1025,0.827142377656
1026,0.860129842613
1027,0.911378329966
1028,0.944437349335
1029,0.96296342844
1030,0.975854502693
1031,0.974242994728
1032,0.983641291789
1033,0.990732738197
1034,0.987473290966
1035,0.982103675078
1036,0.988701330327
1037,0.978649612142
1038,0.969421421169
1039,0.965072469196
1040,0.959701004429
1041,0.952911211844
1042,0.952881035818
1043,0.951927488522
1044,0.961527054469
1045,0.977228630391
1046,0.979639970224
1047,0.985382715356
1048,0.982945945009
1049,0.992977281986
1050,0.990243738623
1051,0.991534449406
1052,0.996948833603
1053,0.992928527218
1054,0.998112432892
1055,0.993563990922
1056,0.992809467607
1057,0.995750306082
1058,0.988495586878
1059,0.98417708112
1060,0.992826671851
1061,0.990355991236
1062,0.981878941806
1063,0.979077641712
1064,0.972513733648
1065,0.955717867049
1066,0.926048411072
1067,0.908028269294
1068,0.903804304189
1069,0.924469326459
1070,0.941108568759
1071,0.961677510011
1072,0.965906359387
1073,0.978719335995
1074,0.982156762472
1075,0.981896528446
1076,0.981273072736
1077,0.980220315143
1078,0.966685594374
1079,0.950508087993
1080,0.923035382771
1081,0.879279492763
1082,0.811180280219
1083,0.734687071679
1084,0.670474640653
1085,0.644901953063
1086,0.683902539609
1087,0.755145324599
1088,0.832042158585
1089,0.889685652568
1090,0.933491498877
1091,0.955297996172
1092,0.970102025755
1093,0.978761824119
1094,0.981507982991
1095,0.976456442402
1096,0.974774929962
1097,0.985154519305
1098,0.986282092458
1099,0.984171149586
1100,0.984042939328
1101,0.982989335251
1102,0.975722124364
1103,0.961480410997
1104,0.94300682052
1105,0.915739366613
1106,0.867413408887
1107,0.853727442439
1108,0.877858960199
1109,0.927117428085
1110,0.957601165998
1111,0.980681338821
1112,0.990670253892
1113,0.996989776584
1114,0.98638018326
1115,0.99362589218
1116,0.994456935517
1117,0.992741701957
1118,1.00021996296
1119,0.986665100599
1120,0.992490042001
1121,0.983762719146
1122,0.99428472095
1123,0.982414510842
1124,0.984667738985
1125,0.981297654587
1126,0.975148549857
1127,0.973101125028
1128,0.958713570062
1129,0.942372958016
1130,0.911506563854
1131,0.863068761875
1132,0.820583155921
1133,0.812672643314
1134,0.859658713359
1135,0.906251222645
1136,0.924949829431
1137,0.942160603415
1138,0.933690557831
1139,0.937333287398
1140,0.923533642694
1141,0.910990729527
1142,0.881664917489
1143,0.859917195198
1144,0.853957962241
1145,0.866172509298
1146,0.882128897541
1147,0.913911509557
1148,0.93397629051
1149,0.96424022832
1150,0.974507716522
1151,0.976498046222
1152,0.980673982599
1153,1.00438762796
1154,0.993265580923
1155,0.998601707214
1156,0.998308180487
1157,0.997153531856
1158,0.999112120393
1159,0.996930641684
1160,0.997233221099
1161,1.0000532639
1162,0.991842738837
1163,0.994497157469
1164,0.990327415342
1165,0.992518168043
1166,0.980065420412
1167,0.976027188894
1168,0.970232605579
1169,0.975206204826
1170,0.978954167145
1171,0.989064661493
1172,0.988638045898
1173,0.993811925485
1174,0.990601657706
1175,0.994019490882
1176,0.989880985595
1177,0.989388031878
1178,0.972852634392
1179,0.969375796137
1180,0.969080900563
1181,0.975150633156
1182,0.97280060401
1183,0.979567121383
1184,0.985704243051
1185,0.989554186433
1186,0.993271798563
1187,0.994105055928
1188,0.98837309598
1189,0.991195785286
1190,0.982578320526
1191,0.984406152093
1192,0.980530087625
1193,0.984778969472
1194,0.973108735465
1195,0.971553477487
1196,0.958787318717
1197,0.960415650493
1198,0.951197350701
1199,0.930699957581
1200,0.911494763499
1201,0.873246092411
1202,0.835691217734
1203,0.778625566421
1204,0.711004993178
1205,0.626291984781
1206,0.560518657403
1207,0.532733500089
1208,0.550440184301
1209,0.620678935453
1210,0.698622040071
1211,0.777832132968
1212,0.846527599897
1213,0.888909140012
1214,0.923494101919
1215,0.939925756117
1216,0.952906573272
1217,0.953340917998
1218,0.963435208232
1219,0.963504818587
1220,0.954245772154
1221,0.937682170874
1222,0.904251414955
1223,0.868427598363
1224,0.862151837186
1225,0.894392659928
1226,0.931982024609
1227,0.948587488834
1228,0.966223660645
1229,0.966924381018
1230,0.973270962874
1231,0.959724100201
1232,0.959395046645
1233,0.944750559291
1234,0.933725471464
1235,0.893136492667
1236,0.839755446624
1237,0.780523742909
1238,0.699162580975
1239,0.639123752042
1240,0.626788896728
1241,0.660768001329
1242,0.730965704779
1243,0.804724005236
1244,0.863236129874
1245,0.89769453478
1246,0.911984486629
1247,0.904641488192
1248,0.866789804323
1249,0.85515728775
1250,0.883539760199
1251,0.926515436695
1252,0.963744142108
1253,0.98023418907
1254,0.993168718239
1255,0.991178540963
1256,0.995936606882
1257,1.00401949075
1258,1.00063317309
1259,0.998277258987
1260,0.998813773238
1261,1.00766273102
1262,0.997027348751
1263,1.00049006399
1264,1.00874152931
1265,1.00475590931
1266,0.999938589833
1267,1.00020925187
1268,0.995158586435
1269,0.994830413648
1270,0.98106479476
1271,0.985924967096
1272,0.970893956709
1273,0.983504792381
1274,0.98434042546
1275,0.99302719109
1276,0.993730174142
1277,0.99087334583
1278,0.988415553361
1279,0.977240236426
1280,0.971654028156
1281,0.968030610087
1282,0.961545175872
1283,0.97322867011
1284,0.981618469615
1285,0.993203770264
1286,0.990845164389
1287,1.00169948053
1288,0.999108032425
1289,0.995284846896
1290,1.00254566075
1291,0.997290956861
1292,0.994299484685
1293,0.99207345433
1294,0.99008029363
1295,0.98645565119
1296,0.989922297182
1297,0.982601630492
1298,0.983737655835
1299,0.967792144395
1300,0.974455290728
1301,0.968864529283
1302,0.97962428118
1303,0.984456993225
1304,0.989556502343
1305,0.977137922875
1306,0.981604720569
1307,0.984839475391
1308,0.990206243573
1309,0.991243100817
1310,1.0033394221
1311,0.990185660726
1312,0.997752165199
1313,0.993359089626
1314,0.991497731437
1315,0.995833327921
1316,0.992839076925
1317,0.99754157597
1318,0.999945247503
1319,0.995951128434
1320,1.00012109615
1321,0.999659162955
1322,1.00426283321
1323,1.00290117061
1324,0.997706558357
1325,1.000877473
1326,0.990249334334
1327,0.995820174931
1328,0.98649106978
1329,0.973561030797
1330,0.974098032378
1331,0.965600489287
1332,0.971438165304
1333,0.980476971028
1334,0.979814013673
1335,0.989787428067
1336,0.987224149773
1337,0.993230482598
1338,0.995535775183
1339,0.996273883072
1340,0.990542273894
1341,0.990413132311
1342,0.97544239492
1343,0.973645012877
1344,0.975216289907
1345,0.969149235926
1346,0.965450064226
1347,0.952210162896
1348,0.919554039059
1349,0.892666843595
1350,0.899673411039
1351,0.932970775803
1352,0.96480263016
1353,0.977651754063
1354,0.98656453845
1355,0.994009792623
1356,0.996316691313
1357,0.999191070361
1358,0.994256583801
1359,0.999567362813
1360,1.00608003427
1361,1.00638527242
1362,1.00125004583
1363,1.00445905271
1364,0.998355349448
1365,0.998460054234
1366,1.00220343778
1367,0.997233994188
1368,0.99783944087
1369,1.00278512757
1370,0.990269592256
1371,0.977152109792
1372,0.96263125356
1373,0.923600163818
1374,0.891845661261
1375,0.901329992714
1376,0.934826045509
1377,0.96658803984
1378,0.979015278086
1379,1.00076172742
1380,0.992349564857
1381,0.996662674181
1382,0.996733979674
1383,1.00589114693
1384,1.00539492121
1385,1.00329514937
1386,1.00456939501
1387,1.00991963143
1388,1.00384397391
1389,1.00718989932
1390,1.00532368582
1391,1.01070817914
1392,1.004731873
1393,1.00216360454
1394,1.00373895575
1395,1.00528100771
1396,1.00638871173
1397,1.00950180076
1398,0.997574799057
1399,1.00456499939
1400,1.01152230627
1401,1.00086423686
1402,1.00070176026
1403,1.00475136446
1404,1.00030990881
1405,1.0081041742
1406,0.99446839779
1407,0.996612620467
1408,0.998991056109
1409,1.00250652902
1410,1.00107341313
1411,1.00485674894
1412,1.00054770755
1413,1.0002513827
1414,0.987547566455
1415,0.989658734192
1416,0.982505559714
1417,0.990804415811
1418,0.985523850917
1419,0.995629736799
1420,0.989780287234
1421,0.999619487193
1422,1.00136368906
1423,1.00742368999
1424,1.00615727742
1425,1.00934059264
1426,1.01172114399
1427,1.0008517664
1428,1.00798365893
1429,1.00480966828
1430,1.00421214059
1431,1.0005023248
1432,1.00044004744
1433,1.00007655762
1434,0.998173475317
1435,1.00135769936
1436,1.0058810201
1437,1.00836285542
1438,1.00746401585
1439,1.00525957586
1440,1.0039253556
1441,1.00540316289
1442,1.00480538452
1443,1.00186394087
1444,0.998721383624
1445,0.994172307753
1446,0.993205684857
1447,0.984570834629
1448,0.977877552479
1449,0.983105466727
1450,0.987329103122
1451,0.989778065417
1452,0.994672113777
1453,1.00214550011
1454,1.01059079186
1455,1.00326029878
1456,1.00684922956
1457,1.01268281067
1458,1.00273860264
1459,1.00599291706
1460,1.00345163528
1461,1.01357439529
1462,1.01076517245
1463,1.00246077998
1464,0.999851961464
1465,0.991948619602
1466,0.990679587363
1467,0.985791276935
1468,0.982276594383
1469,0.981945425716
1470,0.992975740347
1471,0.991807053338
1472,0.998380780923
1473,0.997580915708
1474,1.00224473163
1475,1.00362382887
1476,1.00480189669
1477,1.00564481715
1478,0.99793892482
1479,0.987282130861
1480,0.980949579568
1481,0.946251139654
1482,0.924827981068
1483,0.886503357272
1484,0.871481025244
1485,0.886973457132
1486,0.921716304679
1487,0.95887643543
1488,0.969410383272
1489,0.984405834584
1490,0.986891872808
1491,0.990954558538
1492,0.979856149007
1493,0.97258093212
1494,0.963795612247
1495,0.9461532724
1496,0.934950811862
1497,0.935623961475
1498,0.946630753587
1499,0.962067237675
1500,0.970257413466
1501,0.977106036409
1502,0.983149844705
1503,0.989429014022
1504,0.98966816707
1505,0.975006878745
1506,0.962794413961
1507,0.952594745377
1508,0.916785391768
1509,0.910778775885
1510,0.925985416914
1511,0.960527978802
1512,0.973488589213
1513,0.982488947445
1514,0.99461210954
1515,0.986189876552
1516,0.985052493595
1517,0.984317923538
1518,0.991977365194
1519,0.986743611323
1520,0.989400484385
1521,0.982487225674
1522,0.982457626648
1523,0.982864600334
1524,0.976218970499
1525,0.972629090975
1526,0.970180879363
1527,0.973811877251
1528,0.961286790087
1529,0.975968965958
