0,0.96162836895
1,1.0430862206
2,1.01131204103
3,1.00503647498
4,1.00340881548
5,1.01228881995
6,1.01193515418
7,1.00699565284
8,1.00753336474
9,1.0013190292
10,0.992523983149
11,0.992742395019
12,0.977925142275
13,0.96638741244
14,0.961921021714
15,0.953694503742
16,0.931001261082
17,0.892850898653
18,0.816710915492
19,0.726284733747
20,0.623960083415
21,0.561336205452
22,0.591937104491
23,0.680460659012
24,0.789588007649
25,0.882660865686
26,0.937359047016
27,0.971945089608
28,0.984151511066
29,0.988993357405
30,0.998395977724
31,0.993416704464
32,0.991402912977
33,0.997426469758
34,0.991010877949
35,0.992856361315
36,0.97798599164
37,0.98863609272
38,0.980942256092
39,0.986488746519
40,0.993407965503
41,1.00128532336
42,0.999909045993
43,1.00300059727
44,1.00012419934
45,1.0028969522
46,0.999764844923
47,0.996919660288
48,1.0020550772
49,0.99215411593
50,0.997832630517
51,1.00399076579
52,0.994407459736
53,0.993923999511
54,0.998773661422
55,1.00349615437
56,0.999915065088
57,0.99614190223
58,0.995722286885
59,0.98907339485
60,0.994467599135
61,0.996284208383
62,1.00455503169
63,0.993559552893
64,1.00758297611
65,1.00080458336
66,0.99974588367
67,1.00559042414
68,1.00472365566
69,1.00817190374
70,0.998418703307
71,1.006885912
72,1.00221463261
73,1.00211471902
74,0.998529691451
75,0.991075220568
76,0.987329217472
77,0.989307034299
78,0.997553376511
79,0.99844462049
80,1.00051941214
81,0.99782841798
82,0.993985507811
83,0.999675346837
84,0.986746203158
85,1.00347438021
86,0.998702992874
87,0.995082972909
88,0.996806554659
89,0.998562344912
90,1.00767927514
91,1.00181850853
92,1.00210255205
93,1.00037001271
94,0.998093066805
95,0.995079534772
96,0.995715413697
97,0.987546567023
98,0.985044171766
99,0.97709785621
100,0.962874038353
101,0.940386031602
102,0.921194116524
103,0.928423803193
104,0.943181615685
105,0.961689035758
106,0.962899919823
107,0.962413006576
108,0.955550359469
109,0.963008989012
110,0.952332507929
111,0.969020606505
112,0.981512646842
113,0.986891490324
114,0.997142593445
115,0.994510014683
116,0.995338945715
117,1.00408577415
118,1.00603740136
119,1.00513594871
120,1.0008358551
121,0.99935683833
122,1.00185376327
123,1.0001822257
124,0.999151874067
125,1.00488843224
126,1.0075787274
127,1.00074304147
128,1.00147671239
129,0.997494866116
130,0.995373232502
131,0.994470490532
132,0.982434241053
133,0.980182974732
134,0.971674165828
135,0.970994417842
136,0.976059133011
137,0.975411661034
138,0.976401021729
139,0.978032465449
140,0.98765703942
141,0.98473086177
142,0.983120596369
143,0.984592306033
144,0.981665416999
145,0.989302293646
146,0.993247241421
147,0.997064208651
148,0.99728469107
149,1.00206588446
150,0.998368123923
151,0.999391758352
152,1.00131496784
153,1.00876394585
154,0.998865159338
155,1.00001758607
156,1.00682520916
157,0.995864133867
158,1.00199749343
159,0.998651232836
160,1.00176445615
161,0.997871387742
162,0.986006485631
163,1.00072368761
164,0.999594450562
165,0.994671566219
166,1.00032555019
167,0.997974299182
168,1.00096036312
169,1.0007954848
170,1.00178827725
171,0.993454787036
172,0.995058334188
173,0.999685478807
174,0.98539968224
175,0.987292543883
176,0.986805076695
177,0.971775978223
178,0.96243979019
179,0.949884928826
180,0.956892433798
181,0.951286470308
182,0.965149521404
183,0.941005832236
184,0.901088497205
185,0.834998227617
186,0.757183181669
187,0.689144825903
188,0.695206408788
189,0.758639985378
190,0.848579179919
191,0.91544270487
192,0.955008099435
193,0.973195714102
194,0.981337694065
195,0.994601490496
196,0.992761121271
197,0.987441807807
198,0.992494224807
199,0.987303111216
200,0.996125426244
201,0.996990919576
202,0.994860047886
203,1.00194442356
204,0.992273181001
205,0.997618054805
206,0.992102780581
207,0.984846431309
208,0.987903369366
209,0.997890921861
210,0.996564967545
211,0.99697968311
212,1.00242381593
213,0.990458207317
214,0.98258606988
215,0.98432210234
216,0.972740203892
217,0.976281810304
218,0.960150609332
219,0.938695691868
220,0.9038845751
221,0.863133960993
222,0.859153676777
223,0.878723395967
224,0.91691116151
225,0.945682206348
226,0.97377912229
227,0.968319954614
228,0.974316217384
229,0.980571385186
230,0.989086528371
231,0.978139957936
232,0.984848388382
233,0.99197727451
234,0.993877278016
235,0.978569969421
236,0.975206730927
237,0.968807993596
238,0.960600233743
239,0.975964729487
240,0.981093861377
241,0.976341030432
242,0.966323055527
243,0.959953761422
244,0.969443918914
245,0.965335311584
246,0.984324841042
247,0.978633557525
248,0.980825149476
249,0.9864743518
250,0.983044117575
251,0.995835872811
252,0.989788072298
253,0.986195818958
254,0.973779386757
255,0.985862561833
256,0.952206874229
257,0.933159042924
258,0.926652647838
259,0.940578773282
260,0.93391037419
261,0.940013530638
262,0.953781306497
263,0.96616017093
264,0.957583588909
265,0.952078546447
266,0.953753400553
267,0.938478715965
268,0.950245772949
269,0.969778434253
270,0.977795895899
271,0.989082149409
272,0.994383793687
273,0.987357459513
274,0.990329682234
275,0.987412289539
276,0.988443007827
277,0.982968200351
278,0.992220343067
279,0.985256065574
280,0.982952555933
281,0.980033656293
282,0.994306177354
283,0.984620571391
284,0.990638162424
285,0.994227824535
286,0.992863159097
287,0.990818221655
288,0.99071631598
289,0.996995219182
290,0.991710968553
291,0.9986061768
292,0.998277947501
293,1.00429964877
294,0.998269364968
295,0.996839396554
296,0.998520009953
297,0.996636204054
298,0.99640495881
299,0.997113563745
300,1.00255434222
301,0.994511754408
302,0.991978824451
303,0.993854361266
304,0.997772549164
305,0.990538254794
306,0.986286031452
307,0.991631187443
308,0.978007028046
309,0.976801620609
310,0.980525612885
311,0.988239339601
312,0.991964477839
313,0.985796744267
314,0.985499738491
315,0.984359228979
316,1.00005651554
317,0.996905160953
318,0.996316734602
319,0.996312317769
320,1.00078612626
321,0.99507027297
322,0.997272709626
323,0.996229731423
324,0.994050568762
325,0.994338159589
326,0.988912343713
327,0.991342328145
328,0.978480801487
329,0.978572704545
330,0.961065540355
331,0.955408746964
332,0.945756894167
333,0.946853604203
334,0.959025621478
335,0.966424486023
336,0.96362475631
337,0.964138098915
338,0.971831000865
339,0.984398095841
340,0.98172873935
341,0.983250569643
342,0.988184487599
343,0.990389317404
344,0.982194971472
345,0.990054746612
346,0.985954662802
347,0.991052766249
348,0.991503107854
349,0.987304839651
350,0.969354279571
351,0.95045868503
352,0.930097658364
353,0.925406892522
354,0.949071279804
355,0.975600307357
356,0.983042155603
357,0.986029125885
358,0.992691891644
359,0.994053416368
360,0.993788611533
361,0.995345560039
362,0.992347956936
363,0.992636109314
364,0.985115218544
365,0.986672018175
366,0.992491981538
367,0.984253745416
368,0.97887853214
369,0.986912329862
370,0.987070075217
371,0.984428393919
372,0.994742754917
373,0.985883087851
374,0.989133785137
375,0.989128915712
376,0.98788670449
377,0.986155888005
378,0.980289032208
379,0.980185920029
380,0.987736638727
381,0.987861968512
382,0.988443342796
383,0.98355210376
384,0.98361204646
385,0.984681960097
386,0.981614159028
387,0.974342719707
388,0.972088550084
389,0.966412426873
390,0.954380677885
391,0.946779890813
392,0.935821058929
393,0.931575535756
394,0.90447875041
395,0.852603160959
396,0.786311456294
397,0.793858179175
398,0.855889289484
399,0.90843924479
400,0.92838632726
401,0.920616260833
402,0.85697872584
403,0.812706885613
404,0.827564705182
405,0.887047450249
406,0.915025352373
407,0.914167746946
408,0.931384401352
409,0.948081122334
410,0.963964151969
411,0.960857773097
412,0.960590101052
413,0.96117091064
414,0.951568997653
415,0.946111084311
416,0.93200260109
417,0.904737210142
418,0.83147149866
419,0.752581532164
420,0.744889657902
421,0.787936674567
422,0.786809295037
423,0.758284146361
424,0.744647148945
425,0.764386078493
426,0.797518466611
427,0.844210083955
428,0.858111666946
429,0.827555057491
430,0.793825812899
431,0.824062400433
432,0.882336175859
433,0.910196590715
434,0.898194396521
435,0.880962085299
436,0.898925165806
437,0.896202068712
438,0.897073994553
439,0.868494992473
440,0.813793942635
441,0.756405535855
442,0.695250408387
443,0.639972908807
444,0.582792217815
445,0.571906385966
446,0.640319269645
447,0.7308477869
448,0.821518202113
449,0.870694462639
450,0.893055316736
451,0.908222475216
452,0.906969534967
453,0.89158353535
454,0.885061976248
455,0.911454998333
456,0.951103284198
457,0.960585752823
458,0.970952959516
459,0.970030593741
460,0.975523015068
461,0.973782539022
462,0.980192389303
463,0.979237628313
464,0.968658043064
465,0.971631151244
466,0.960198535202
467,0.956688352535
468,0.928389682883
469,0.870222165676
470,0.801797042188
471,0.77967364629
472,0.840314741942
473,0.909381344074
474,0.93508592948
475,0.917584321681
476,0.875771775469
477,0.789134066979
478,0.75140417046
479,0.797553684044
480,0.883752830815
481,0.92342741559
482,0.914635260443
483,0.913576983275
484,0.908159202376
485,0.911722273622
486,0.91620365739
487,0.928553577664
488,0.946544082606
489,0.9527333665
490,0.964464803326
491,0.961244836294
492,0.968190407874
493,0.966511655594
494,0.966702146753
495,0.934683678848
496,0.899381143
497,0.871487841947
498,0.827778909584
499,0.814214634033
500,0.828372667701
501,0.850735302245
502,0.851082847164
503,0.803782358317
504,0.776100923129
505,0.830005388755
506,0.908959297157
507,0.957758068848
508,0.970356246207
509,0.973107699524
510,0.977829266067
511,0.97217662575
512,0.973812354799
513,0.974758736418
514,0.97045120956
515,0.960658928189
516,0.956185797295
517,0.938738852191
518,0.900235652726
519,0.820700888667
520,0.745032621085
521,0.77106416884
522,0.846051079783
523,0.887797118899
524,0.854993851549
525,0.788373755447
526,0.69276129005
527,0.632564352461
528,0.629382385252
529,0.704392860221
530,0.816982927916
531,0.878733883629
532,0.913371379825
533,0.937821568077
534,0.955600519937
535,0.968646928601
536,0.970383501729
537,0.961926212022
538,0.956033000674
539,0.944942734204
540,0.956479552189
541,0.956801545799
542,0.961926137465
543,0.940964625574
544,0.901051121495
545,0.841030614958
546,0.800020269031
547,0.849393151354
548,0.921181361166
549,0.965730245382
550,0.971121194358
551,0.98115346462
552,0.976605851025
553,0.979463893783
554,0.977944122127
555,0.981000122772
556,0.979974097519
557,0.976478598817
558,0.964586372334
559,0.955952620377
560,0.934639480352
561,0.928999698987
562,0.960575513188
563,0.96827603881
564,0.971860159795
565,0.968955373259
566,0.961504109965
567,0.96350712013
568,0.951573817253
569,0.928568185585
570,0.871949685146
571,0.795420565593
572,0.804367474762
573,0.884107353071
574,0.936566897558
575,0.953698535827
576,0.967041518528
577,0.981737721681
578,0.984073011318
579,0.97101192433
580,0.978028770328
581,0.977693420296
582,0.970960800317
583,0.965876221592
584,0.964187901278
585,0.957585127805
586,0.944582731958
587,0.918615398716
588,0.870741084138
589,0.829260852578
590,0.817039127013
591,0.849291431727
592,0.862344185875
593,0.858008712635
594,0.856279690972
595,0.821713593856
596,0.775030793738
597,0.755374099055
598,0.787306457242
599,0.841491515084
600,0.875446871665
601,0.91841927208
602,0.941257135533
603,0.962446911386
604,0.981856213338
605,0.988488299183
606,0.984751574588
607,0.978735570823
608,0.99207345438
609,0.988038984826
610,0.98740636025
611,0.994239455298
612,0.988056996131
613,0.99935118534
614,0.996703625184
615,0.99187492137
616,0.98486466939
617,0.978547532524
618,0.992819017263
619,0.989872777121
620,0.986860066844
621,0.982987555744
622,0.991246475788
623,0.993390498652
624,0.989550733981
625,0.986801576929
626,0.983655297904
627,0.988047951331
628,0.978585134096
629,0.96938571629
630,0.942094043999
631,0.883608906361
632,0.874798832776
633,0.907965527052
634,0.957048540468
635,0.977718840146
636,0.982709114288
637,0.980420719049
638,0.984022010153
639,0.990999107249
640,0.991987087851
641,0.98533004634
642,0.991878247602
643,0.994653864136
644,0.990511503938
645,0.997193658932
646,0.99722231307
647,0.984669868906
648,0.992577981673
649,0.996314928848
650,0.992998989748
651,0.988589799657
652,0.984974905266
653,0.972417035675
654,0.963269229718
655,0.940241092622
656,0.926121164483
657,0.951952676607
658,0.961685853458
659,0.950049588088
660,0.991427628425
661,0.983469959638
662,0.980150757328
663,0.994031325408
664,0.992502091605
665,0.979802764176
666,0.972372261947
667,0.972830354056
668,0.972625477336
669,0.971028134979
670,0.984615765379
671,0.988987309909
672,0.975187986137
673,0.97107012738
674,0.963071613767
675,0.943795776167
676,0.933738177798
677,0.938141362618
678,0.94569642018
679,0.966389285387
680,0.984032529691
681,0.992222225057
682,0.987539061652
683,0.990089025769
684,0.998612464487
685,0.979028189749
686,0.989875183352
687,0.979514863171
688,0.980239535787
689,0.979171794613
690,0.96694987122
691,0.971259351379
692,0.959666231602
693,0.946278722457
694,0.924953596977
695,0.883602068806
696,0.842610701044
697,0.804204698744
698,0.811827248962
699,0.85160300308
700,0.90320902572
701,0.929441940669
702,0.957903945731
703,0.957365461611
704,0.955896597559
705,0.934324895683
706,0.918266624542
707,0.887385036071
708,0.872717666299
709,0.880017331885
710,0.897954020401
711,0.93370954038
712,0.955341660138
713,0.979070846446
714,0.982522845877
715,0.985509799981
716,0.985504601843
717,0.984568337724
718,0.984529825967
719,0.98459107883
720,0.977268943406
721,0.988438795699
722,0.983111749195
723,0.987663670208
724,0.985862195275
725,0.990015627402
726,0.985053333338
727,0.990771064678
728,0.994459726598
729,0.984105880166
730,0.978276722002
731,0.982397952127
732,0.982093004534
733,0.986148414625
734,0.979652180932
735,0.986870456986
736,0.987331420667
737,0.986127753979
738,0.985489966445
739,0.980323584541
740,0.975989058392
741,0.969922285414
742,0.970782015
743,0.962482645977
744,0.951084572785
745,0.954175082903
746,0.967792705989
747,0.973716375642
748,0.973077417015
749,0.982900437629
750,0.985860611307
751,0.976858264176
752,0.977985561282
753,0.985678411693
754,0.979873957716
755,0.978135177043
756,0.976862844355
757,0.971190095795
758,0.968917050443
759,0.951474276377
760,0.926494142944
761,0.886539617007
762,0.895931711535
763,0.922965942769
764,0.958841254984
765,0.963036719045
766,0.96036178225
767,0.94250949365
768,0.94003309097
769,0.955304030544
770,0.971577746212
771,0.97467455089
772,0.972800134564
773,0.986675452548
774,0.984334362149
775,0.982460197837
776,0.9673693679
777,0.982616265679
778,0.961448583643
779,0.964980256934
780,0.966442615143
781,0.960961024104
782,0.976078733896
783,0.971932636778
784,0.9876539678
785,0.984743638688
786,0.986742110656
787,0.981927688294
788,0.986130624273
789,0.982985658963
790,0.978003079145
791,0.993765073219
792,0.983804722245
793,0.989245269749
794,0.98058647382
795,0.987798467075
796,0.980675659654
797,0.985549255115
798,0.98567771573
799,0.987644447727
800,0.98870895301
801,0.985528361908
802,0.9822805148
803,0.978998830252
804,0.968796046999
805,0.948661683218
806,0.926083865958
807,0.900259587429
808,0.910615935257
809,0.930571930981
810,0.937285876202
811,0.963668038936
812,0.958777740779
813,0.948333780779
814,0.911459695039
815,0.866584939087
816,0.864899345107
817,0.90878671793
818,0.958635924354
819,0.964016822544
820,0.978601755647
821,0.985423738894
822,0.982473056481
823,0.986584819099
824,0.98487242042
825,0.984298033669
826,0.986937592025
827,0.987267261591
828,0.990878359246
829,0.984008905199
830,0.995858233744
831,0.986309044362
832,0.980610230351
833,0.97718829614
834,0.983446314018
835,0.982168015176
836,0.974758996382
837,0.979342917374
838,0.970458593578
839,0.964387712577
840,0.944611001285
841,0.891455026405
842,0.831321697216
843,0.813074614223
844,0.873758086282
845,0.933477111141
846,0.965280354249
847,0.974191078958
848,0.986388424281
849,0.969518833787
850,0.969948475588
851,0.972021231882
852,0.965207750866
853,0.95168620367
854,0.957480940095
855,0.953952210114
856,0.961458476813
857,0.968294796124
858,0.961411422479
859,0.961069178375
860,0.942139753267
861,0.927636934124
862,0.88457698671
863,0.843223045461
864,0.797702568861
865,0.736771728834
866,0.680767061449
867,0.655534959036
868,0.682665215246
869,0.758072185381
870,0.828352132497
871,0.877892193999
872,0.921260480345
873,0.956575449866
874,0.972586184816
875,0.983057834172
876,0.984530148521
877,0.996347329415
878,0.988785293126
879,0.987302250197
880,0.992571205939
881,0.995791524594
882,0.994711808586
883,0.991179208294
884,0.997592180431
885,0.990900586219
886,0.995129981094
887,0.98537908584
888,0.982819474041
889,0.989805340284
890,0.991817200507
891,0.987744781717
892,0.981923698381
893,0.985246639182
894,0.986451777825
895,0.979452651627
896,0.97729490012
897,0.98663795695
898,0.988381582487
899,0.978118403507
900,0.976498188732
901,0.97716511006
902,0.974400889385
903,0.974327647747
904,0.937414540387
905,0.877516689547
906,0.820605964517
907,0.823114077284
908,0.884177293498
909,0.94097410321
910,0.978055406263
911,0.982156016037
912,0.979121083749
913,0.977297629041
914,0.977594832923
915,0.972067680906
916,0.968021274509
917,0.960001150249
918,0.949252472065
919,0.912605981994
920,0.868310054681
921,0.82697236266
922,0.836758529637
923,0.886090929242
924,0.908952265342
925,0.932389182961
926,0.931538309117
927,0.914380168514
928,0.90099366022
929,0.905397335603
930,0.892884743269
931,0.861969840756
932,0.793370974019
933,0.781927518143
934,0.855222898346
935,0.937662791037
936,0.973827052364
937,0.974697601869
938,0.989459193407
939,0.985913783199
940,0.985234134919
941,0.987589402121
942,0.983773407992
943,0.992671819559
944,0.988012449069
945,0.979945685015
946,0.983482012321
947,0.986580230916
948,0.984989378902
949,0.99271036291
950,0.988757799452
951,0.998437120516
952,0.993100847728
953,0.990834949513
954,0.993192503546
955,0.989069962428
956,0.985925771811
957,0.980215704586
958,0.983450902992
959,0.979596789702
960,0.979928765027
961,0.962297888375
962,0.949831130807
963,0.932668892578
964,0.918915380803
965,0.929713372191
966,0.945950584547
967,0.977491119829
968,0.981437565781
969,0.992782748674
970,0.993352255509
971,0.99125272614
972,0.991112653636
973,0.987525937398
974,0.987284233821
975,0.989543309247
976,0.993898075695
977,0.991189402359
978,0.988716994405
979,0.994357059111
980,0.989315327595
981,0.993874302027
982,0.984605691377
983,0.983011192477
984,0.977325002199
985,0.965754090527
986,0.950292616859
987,0.919170349689
988,0.895383631368
989,0.893782881264
990,0.915522422617
991,0.965714857297
992,0.979071594023
993,0.98285521857
994,0.987045346524
995,0.989882504586
996,0.991941709879
997,0.997080779172
998,0.986990727678
999,0.988271681192
1000,0.978890606714
1001,0.977158526903
1002,0.964458014414
1003,0.937198391866
1004,0.88339158614
1005,0.811497288312
1006,0.800476118038
1007,0.865341056567
1008,0.937292078152
1009,0.96800157284
1010,0.981983342211
1011,0.984213363313
1012,0.989153584064
1013,0.999243599615
1014,0.990024287977
1015,1.002148462
1016,0.987337544768
1017,1.00678218061
1018,0.990478657984
1019,0.999488147844
1020,0.982978748517
1021,0.997920231667
1022,0.994221116398
1023,0.984453863029
1024,0.993228529466
1025,0.982476819353
1026,0.981691533671
1027,0.968869450037
1028,0.954384230846
1029,0.93250468602
1030,0.859990784813
1031,0.778548090307
1032,0.787958567953
1033,0.867548861046
1034,0.943078705094
1035,0.966952787299
1036,0.970372787371
1037,0.979730571379
1038,0.994043303894
1039,0.980160344484
1040,0.988197099213
1041,0.990329953156
1042,0.986489904809
1043,0.979221364312
1044,0.973784811587
1045,0.969094357268
1046,0.965964874024
1047,0.95414398243
1048,0.945750682373
1049,0.945029823752
1050,0.958875882062
1051,0.966441490318
1052,0.978694546138
1053,0.978518992673
1054,0.982860676904
1055,0.989376770135
1056,0.991647606824
1057,0.996704340732
1058,0.993268468542
1059,0.98490576214
1060,0.984050979085
1061,0.985268835285
1062,0.997394950967
1063,0.997356409968
1064,0.991778153323
1065,0.985383472505
1066,0.981775181208
1067,0.986664540798
1068,0.977956681873
1069,0.972069446639
1070,0.969853346443
1071,0.954342538901
1072,0.932471150077
1073,0.895838628778
1074,0.849271233681
1075,0.858099781418
1076,0.905158834141
1077,0.940625078145
1078,0.96636719312
1079,0.972483968443
1080,0.980880900153
1081,0.982984695846
1082,0.970117805576
1083,0.978754379658
1084,0.967995393923
1085,0.969520371322
1086,0.950897675203
1087,0.922776639625
1088,0.866706911209
1089,0.783636272273
1090,0.680368010145
1091,0.595232258073
1092,0.591320768735
1093,0.666844480507
1094,0.785009546343
1095,0.875674784367
1096,0.929469746744
1097,0.968320359871
1098,0.972980102783
1099,0.980501626817
1100,0.988126301254
1101,0.979400222085
1102,0.981131988236
1103,0.981603368965
1104,0.979451218894
1105,0.993245791957
1106,0.990174031954
1107,0.994428892333
1108,0.983654442559
1109,0.980820067701
1110,0.970179718622
1111,0.93223366957
1112,0.874510584714
1113,0.809723058278
1114,0.798932704099
1115,0.874746124654
1116,0.95056921763
1117,0.979001780252
1118,0.984759447729
1119,0.993450898678
1120,0.997095564429
1121,0.983924676957
1122,0.991492050915
1123,0.998036973031
1124,0.992676211095
1125,0.997004356135
1126,0.996078503332
1127,0.982220053591
1128,0.987674478884
1129,0.980331978557
1130,0.98083824999
1131,0.987693017246
1132,0.976526156166
1133,0.980309309676
1134,0.97528537086
1135,0.953702856337
1136,0.930649467981
1137,0.889394152479
1138,0.809240574288
1139,0.742053296699
1140,0.790321883488
1141,0.873774390917
1142,0.93589047547
1143,0.94493370829
1144,0.956676713665
1145,0.950144609574
1146,0.935309800995
1147,0.925666366885
1148,0.891659602425
1149,0.873401147798
1150,0.845777009145
1151,0.850205481929
1152,0.860854767459
1153,0.890543320425
1154,0.93131049229
1155,0.952290495591
1156,0.966196696678
1157,0.982702972795
1158,0.980167366365
1159,0.992368395141
1160,1.00443420625
1161,0.999266345472
1162,0.996423358445
1163,0.995153264312
1164,0.992720091327
1165,0.995212214738
1166,1.00273320353
1167,0.997494829474
1168,0.993487423266
1169,0.984997421927
1170,0.996146637662
1171,0.994944312864
1172,0.982791133791
1173,0.98021887479
1174,0.968371224481
1175,0.970384199371
1176,0.977668806488
1177,0.980333040645
1178,0.991487669998
1179,1.00082920532
1180,0.998702048551
1181,0.987329639114
1182,0.993625088747
1183,0.988380761662
1184,0.983854954799
1185,0.975252884276
1186,0.963806825457
1187,0.949105185614
1188,0.967390215912
1189,0.975468639533
1190,0.982657327817
1191,0.999337681919
1192,0.988299942435
1193,0.992269737083
1194,0.991065390876
1195,0.989723804631
1196,0.989478801512
1197,0.992284312875
1198,0.976580066953
1199,0.977499700341
1200,0.971083019923
1201,0.976939399705
1202,0.975322010692
1203,0.969418290581
1204,0.955866877986
1205,0.937889879501
1206,0.92628955372
1207,0.909200093039
1208,0.878525643152
1209,0.826202573847
1210,0.758024159493
1211,0.6705566879
1212,0.568462441178
1213,0.497234986389
1214,0.479870112249
1215,0.536109549127
1216,0.639989045139
1217,0.738150471978
1218,0.831485100547
1219,0.884672381236
1220,0.92334641661
1221,0.946302908583
1222,0.946569670091
1223,0.946081139076
1224,0.960391034299
1225,0.95925091688
1226,0.954195932554
1227,0.953467372937
1228,0.927358455332
1229,0.866419062505
1230,0.81399026081
1231,0.826030959363
1232,0.902759705216
1233,0.949334534301
1234,0.969700722881
1235,0.967014292685
1236,0.977694229054
1237,0.967516629197
1238,0.960224476917
1239,0.960217478252
1240,0.939347545639
1241,0.924421419127
1242,0.887459007018
1243,0.823333855446
1244,0.730837444146
1245,0.648540474837
1246,0.571390492676
1247,0.585387982516
1248,0.65544012794
1249,0.759203944671
1250,0.84753880083
1251,0.896709242262
1252,0.93075128531
1253,0.9255136871
1254,0.87139083605
1255,0.807937602599
1256,0.812049509624
1257,0.887318054969
1258,0.947937464232
1259,0.970469922962
1260,0.987774230085
1261,0.986289062698
1262,0.993202002099
1263,0.996295048564
1264,0.995911700976
1265,0.993325046129
1266,0.990634773717
1267,0.995931993446
1268,0.98766346812
1269,0.99309891803
1270,0.999258245151
1271,0.993915669007
1272,1.00348554418
1273,0.992872673364
1274,0.989388729888
1275,0.983665211516
1276,0.983866408749
1277,0.965359907795
1278,0.962906935208
1279,0.97416752136
1280,0.971128994004
1281,0.980186031587
1282,0.989278700687
1283,0.988653170056
1284,0.988923728875
1285,0.984368479986
1286,0.968195401857
1287,0.960156278719
1288,0.95570172387
1289,0.964969315172
1290,0.971031329861
1291,0.987232318787
1292,0.987261524482
1293,0.995360948489
1294,0.987181985891
1295,0.998421271838
1296,0.999934482359
1297,0.998136176265
1298,0.991128254966
1299,0.99533240106
1300,0.989496519179
1301,0.997255211115
1302,0.991625748677
1303,0.995416888241
1304,0.988060950656
1305,0.981394359511
1306,0.985772362628
1307,0.972684177209
1308,0.985658038271
1309,0.981371707409
1310,0.989168910751
1311,0.988300544296
1312,0.99920694096
1313,0.997993784223
1314,1.00575954159
1315,1.00223266447
1316,1.00810003501
1317,1.008821468
1318,1.0016324606
1319,1.00694819318
1320,1.00649505008
1321,1.00776937407
1322,1.00679793427
1323,0.998189718206
1324,1.00319593156
1325,1.0011181053
1326,1.00951220031
1327,1.00221536217
1328,1.00511459543
1329,0.993944869629
1330,1.00292837284
1331,1.00524047615
1332,1.00139851144
1333,0.998939142997
1334,0.985344834953
1335,0.984129054743
1336,0.963926477006
1337,0.954200928311
1338,0.955888332514
1339,0.979610267985
1340,0.975280353562
1341,0.976900259178
1342,0.995369344624
1343,0.997682754553
1344,0.996640074472
1345,0.998988470382
1346,1.00164862827
1347,0.983336273771
1348,0.990668236283
1349,0.982390614643
1350,0.974077305528
1351,0.974867358953
1352,0.963782895186
1353,0.958963600041
1354,0.939705319535
1355,0.879689024147
1356,0.85218144577
1357,0.885828819709
1358,0.950927626818
1359,0.989746461522
1360,0.992200606841
1361,1.00137524449
1362,0.995447020482
1363,1.00316798612
1364,1.00603939936
1365,0.996645419367
1366,0.995427928522
1367,1.00193802093
1368,0.996354085274
1369,0.998914065221
1370,1.00403923851
1371,0.998350365214
1372,1.00330284276
1373,1.00246656831
1374,0.993552243013
1375,0.997846613973
1376,1.00151741405
1377,0.986255579264
1378,0.984967110001
1379,0.9451137273
1380,0.879485869325
1381,0.841840311957
1382,0.877449401354
1383,0.959477703351
1384,0.989583056368
1385,0.994018733089
1386,1.01045990016
1387,1.00656985905
1388,1.00535127368
1389,1.00465307571
1390,1.00575946245
1391,1.01005908736
1392,1.00523059258
1393,1.00557356711
1394,1.00247986942
1395,1.01000903891
1396,1.0123313634
1397,1.00048779078
1398,1.00926833805
1399,1.01787639822
1400,1.0107538641
1401,1.01425781479
1402,1.01178825563
1403,1.00900576402
1404,1.00841133356
1405,1.0099011735
1406,1.01146068986
1407,1.01722438979
1408,1.0045387652
1409,1.00936456419
1410,1.00314035725
1411,1.00675034906
1412,1.00365310721
1413,1.00993990608
1414,0.994641898977
1415,1.00749889436
1416,1.0080858773
1417,1.00849910539
1418,1.00547030555
1419,1.01182921782
1420,1.00153267825
1421,0.995407833465
1422,0.991264512067
1423,0.979086514703
1424,0.979219787435
1425,0.982240177688
1426,0.996462247277
1427,0.995274699928
1428,1.00640305852
1429,1.0028500527
1430,1.00528143798
1431,1.00952263198
1432,1.01017995849
1433,1.00586061921
1434,1.01574104455
1435,1.01072536507
1436,1.00905072095
1437,1.00379027182
1438,0.995744034242
1439,0.990934641903
1440,0.996500484109
1441,0.998515350871
1442,1.00007778294
1443,1.00867509507
1444,1.00720840888
1445,0.999541850425
1446,1.00406547144
1447,1.01008755302
1448,0.999772110882
1449,1.00764115135
1450,1.00781135213
1451,1.00167493938
1452,0.992680390438
1453,0.992187540332
1454,0.977336382151
1455,0.977330400633
1456,0.979345988103
1457,0.984812673919
1458,1.00066811349
1459,0.997421535297
1460,1.00693466403
1461,1.00326967883
1462,1.00699629355
1463,1.01138593526
1464,0.999769515121
1465,1.00837914734
1466,1.00771251653
1467,1.00732483607
1468,1.00355355636
1469,1.00473534385
1470,1.00724297253
1471,1.00050540314
1472,0.997814316273
1473,0.98235191929
1474,0.964619288967
1475,0.959656969566
1476,0.966420457482
1477,0.994370611765
1478,1.00221929613
1479,0.997048693899
1480,0.993797426792
1481,1.0049642099
1482,1.0023065704
1483,1.00300053144
1484,0.991158876387
1485,0.99555379239
1486,0.987481783833
1487,0.969664576369
1488,0.944370549134
1489,0.89451755827
1490,0.843295699919
1491,0.835001496666
1492,0.888229669237
1493,0.939403402371
1494,0.976013333417
1495,0.990229259387
1496,0.99550092007
1497,0.995076732743
1498,0.99283507087
1499,0.983847253965
1500,0.970663669042
1501,0.944998630888
1502,0.933698594307
1503,0.930683025347
1504,0.93091872165
1505,0.944092005908
1506,0.967023269309
1507,0.977997469706
1508,0.987539203534
1509,0.996872332885
1510,0.987738399564
1511,0.988992360425
1512,0.979611839158
1513,0.983139436392
1514,0.930023593594
1515,0.885578133303
1516,0.891199760671
1517,0.936295175278
1518,0.982166409543
1519,0.997210040703
1520,1.00312045564
1521,1.00339616073
1522,1.00493209266
1523,1.01490505506
1524,1.00950998506
1525,1.00936603478
1526,1.01780061077
1527,1.01741206738
1528,1.01688339686
1529,1.01155673184
