0,0.979231834297
1,1.06160440982
2,1.03388576232
3,1.02168538248
4,1.01505737407
5,1.0279369025
6,1.01952618184
7,1.01928164074
8,1.02542185867
9,1.01509757314
10,1.01025013935
11,1.01133412084
12,0.986517775337
13,0.979917799444
14,0.975424451489
15,0.969277239751
16,0.945394597242
17,0.918461931567
18,0.855113442108
19,0.762899461546
20,0.644766936477
21,0.572705873222
22,0.574418784297
23,0.653678085727
24,0.774135968606
25,0.870732431745
26,0.934349350394
27,0.977146604346
28,0.98689140178
29,1.00267123097
30,1.00583217071
31,1.00522983398
32,1.00696355801
33,1.01839926437
34,1.00345493826
35,1.00038613671
36,0.993909583547
37,0.994117866851
38,0.989295632632
39,0.994761687375
40,1.00587595455
41,1.00689632017
42,1.00781939702
43,1.0127029955
44,1.01154872472
45,1.01104365899
46,1.00274644201
47,1.01091003951
48,1.00585905865
49,0.999963347867
50,0.993969671493
51,1.00882414741
52,1.01520373058
53,1.00872276275
54,1.00636604468
55,1.00410655014
56,1.00285379273
57,1.00569385935
58,0.994987878657
59,0.997892817298
60,0.991408944563
61,0.991812281699
62,0.993677759327
63,1.00126212265
64,0.997051797317
65,1.00427956755
66,1.00848576786
67,1.00772005528
68,1.00133173389
69,1.00345827217
70,1.00938788586
71,1.00371385739
72,1.00639340817
73,1.00266917984
74,0.988639169982
75,0.992358739073
76,0.990389004594
77,0.995279496188
78,0.985148375679
79,1.00548455895
80,1.00653927077
81,1.00304130575
82,0.993916826416
83,1.00300428904
84,1.00809210042
85,0.995551370523
86,1.00125732816
87,1.00351575475
88,0.990647762713
89,1.00653676971
90,1.00485921403
91,1.00988369467
92,1.00270748313
93,1.00408808182
94,1.0084624375
95,0.999462867137
96,0.990332291321
97,0.991810203788
98,0.989317704114
99,0.977288702631
100,0.966755815482
101,0.93923083948
102,0.931494638546
103,0.928933653022
104,0.951211555428
105,0.961380670096
106,0.970704232323
107,0.960525764732
108,0.960863426681
109,0.951171988086
110,0.952779228423
111,0.968291933749
112,0.976413449795
113,0.989616354724
114,0.986470506546
115,0.999381964978
116,1.00105703903
117,1.00191791321
118,1.00118265637
119,1.01194710024
120,1.00531548497
121,1.0019738613
122,1.00215076054
123,0.995811014904
124,0.99885510837
125,1.01043710487
126,1.00452050234
127,1.00332880772
128,1.00311472873
129,1.00280285264
130,0.997895205967
131,0.992921912034
132,1.00062836648
133,0.980431256684
134,0.974934857097
135,0.975338816184
136,0.972678130128
137,0.9685825975
138,0.974757586686
139,0.982172237539
140,0.982217927445
141,0.984383310039
142,0.981298344648
143,0.978441387576
144,0.987945303937
145,0.992133589019
146,0.999355754486
147,0.994215727169
148,0.998665858495
149,1.00357312228
150,1.00639289079
151,1.0035686637
152,1.00439842993
153,1.00232430963
154,1.00171836087
155,1.00189551997
156,0.991499485754
157,0.99859478076
158,1.0049727356
159,0.99584827149
160,0.990509132879
161,0.99829116352
162,0.994485838039
163,0.989766126093
164,0.997614500432
165,1.00614919371
166,0.990753285498
167,1.00519811935
168,1.00514698658
169,1.00813258969
170,1.00788566098
171,1.0034587198
172,1.00249308117
173,0.996171242014
174,0.99572774557
175,0.998550433209
176,0.978868042175
177,0.977639710254
178,0.962789199713
179,0.964238808083
180,0.957194386568
181,0.954984673835
182,0.956368775311
183,0.947003117075
184,0.915024823451
185,0.856084627181
186,0.773217904791
187,0.703252263941
188,0.6792310625
189,0.732700376559
190,0.834679363259
191,0.902837205984
192,0.954690020055
193,0.976309724365
194,0.986064541102
195,0.997552981929
196,0.99289153721
197,1.00395632316
198,0.998673493649
199,0.99872007904
200,0.998733968432
201,0.99917298345
202,1.01030605032
203,0.992496299163
204,0.998298942227
205,1.00900832306
206,1.00051822607
207,1.00085931419
208,0.988475250552
209,1.00229400979
210,0.997727887389
211,0.991034725005
212,0.987939990595
213,0.999372731169
214,0.990322744681
215,0.993085004276
216,0.986422787586
217,0.982443505368
218,0.969267332116
219,0.949445869315
220,0.911784223915
221,0.878341542422
222,0.854454048176
223,0.868995763623
224,0.908288007757
225,0.950366696879
226,0.978403832651
227,0.973210878575
228,0.987106675168
229,0.985384574745
230,0.986478484371
231,0.982693088374
232,0.989616338033
233,0.996867742254
234,0.993246062549
235,0.98353183309
236,0.981252161302
237,0.976613780707
238,0.967487063571
239,0.970578953651
240,0.979928575079
241,0.971652571402
242,0.971632458357
243,0.962175714594
244,0.954094326082
245,0.969605959789
246,0.980563921007
247,0.990605285241
248,0.992618024061
249,0.991222323592
250,0.991760323625
251,0.989282767643
252,0.988706211969
253,0.985441527944
254,0.983061677629
255,0.969469318783
256,0.957973992153
257,0.932870765763
258,0.928782979876
259,0.927252478051
260,0.930083186336
261,0.932127111536
262,0.947289307366
263,0.955991965613
264,0.958496565705
265,0.956540627107
266,0.945596939156
267,0.954005921349
268,0.959397685149
269,0.969546815235
270,0.984125904799
271,0.978331961954
272,1.00370749807
273,0.995124902209
274,1.00025759623
275,0.998204251493
276,0.987979357954
277,0.999085356082
278,0.984921174434
279,0.990448447943
280,0.988525454526
281,0.9880137292
282,0.988946296141
283,1.00087614644
284,0.988841952783
285,0.991153571626
286,0.994910017799
287,0.991640425204
288,1.00629851233
289,0.996954361579
290,1.00104016555
291,0.998853959329
292,0.998736549689
293,1.01178910441
294,1.00395386285
295,1.00216153431
296,1.00621588358
297,1.00659152624
298,1.01130347367
299,1.00340066919
300,1.00456471927
301,1.00385613514
302,0.996806144154
303,1.00115729676
304,0.994928012464
305,0.989125341114
306,0.994364042482
307,0.994903627538
308,0.98538628886
309,0.984446467409
310,0.978806289197
311,0.987760107405
312,0.989450032584
313,0.992520808966
314,0.985170442133
315,0.995671444408
316,0.996638735957
317,0.99602788768
318,1.0001518959
319,0.999902866882
320,0.997582095357
321,0.992696000135
322,0.992150598618
323,0.999399853039
324,0.988132378394
325,1.00077643654
326,0.985067320944
327,0.995311069939
328,0.987330965987
329,0.974974636321
330,0.962419747601
331,0.946211623912
332,0.942768324584
333,0.949097337875
334,0.956052160179
335,0.959256170517
336,0.967034851077
337,0.965434719013
338,0.967388956724
339,0.979151680782
340,0.978210198537
341,0.990139119753
342,0.995715909215
343,0.991779356707
344,0.986525574566
345,0.989271598383
346,0.98826447696
347,0.989858425666
348,0.985360902833
349,0.987580520255
350,0.981633513677
351,0.961096929004
352,0.929821972745
353,0.926045151734
354,0.93817653022
355,0.961837528469
356,0.981613823225
357,0.992794216711
358,0.985527492989
359,0.993941766058
360,0.993988481571
361,0.986523102505
362,0.983175690524
363,0.997094235465
364,0.982477268134
365,0.987829049373
366,0.99271995616
367,0.981099817304
368,0.977454578183
369,0.982873050213
370,0.986182480075
371,0.992261138054
372,0.992340765741
373,0.991398442626
374,1.00113764569
375,0.984469197343
376,0.988999565034
377,0.995343851878
378,0.980486356998
379,0.974893636352
380,0.985558175089
381,0.979767293992
382,0.979054842782
383,0.978441270251
384,0.977464821925
385,0.976818131819
386,0.970497691886
387,0.972126793052
388,0.979034394528
389,0.957669169622
390,0.9442201993
391,0.940404306389
392,0.93130871344
393,0.934256327305
394,0.912784968599
395,0.849664906611
396,0.783271693964
397,0.774100554382
398,0.828760610967
399,0.897453686214
400,0.929117907097
401,0.91275575763
402,0.867936224034
403,0.813142550844
404,0.813180847947
405,0.877930671997
406,0.915083849995
407,0.905155157876
408,0.913486004628
409,0.94490022729
410,0.952143944024
411,0.96034608038
412,0.950516262754
413,0.957464011266
414,0.954569449277
415,0.937140692365
416,0.930875513671
417,0.900064921851
418,0.840906270711
419,0.751743658615
420,0.723662539468
421,0.773258124011
422,0.790080184087
423,0.750563642976
424,0.731069043505
425,0.732326256135
426,0.774960649586
427,0.82252356252
428,0.851912422137
429,0.824121590262
430,0.784725830483
431,0.802117532536
432,0.868668304218
433,0.901239999815
434,0.895463727645
435,0.875899722588
436,0.88331439006
437,0.896152567949
438,0.895599627685
439,0.864358566177
440,0.810328913463
441,0.743726741599
442,0.693886661295
443,0.630249485344
444,0.567763993227
445,0.550656172624
446,0.605627978636
447,0.707613820304
448,0.799121950143
449,0.858480440294
450,0.890746928409
451,0.891880870013
452,0.898640105278
453,0.884982896476
454,0.871258213279
455,0.899793297112
456,0.945110535495
457,0.967959092024
458,0.973565379707
459,0.9865866574
460,0.982131396848
461,0.986944666552
462,0.972226464501
463,0.976807975393
464,0.974238572242
465,0.976536045057
466,0.964860802229
467,0.962191132263
468,0.929685186797
469,0.8840953865
470,0.797236908115
471,0.76173784838
472,0.828743696401
473,0.892476782131
474,0.93196931936
475,0.926117057304
476,0.887303013863
477,0.796241770519
478,0.730682014919
479,0.776968207728
480,0.868949356585
481,0.913921073295
482,0.916383222392
483,0.911290180238
484,0.900264705477
485,0.90736629228
486,0.910193164885
487,0.92409043157
488,0.933116600596
489,0.957093022483
490,0.959458698228
491,0.954896172106
492,0.964489088374
493,0.962678108889
494,0.957617761657
495,0.943903054261
496,0.912182145528
497,0.87465527579
498,0.831321621058
499,0.807815285368
500,0.807621353031
501,0.841057773505
502,0.851777541316
503,0.790919221876
504,0.749028814496
505,0.80293611567
506,0.893439324723
507,0.951770899788
508,0.962698013967
509,0.969943337393
510,0.965178123212
511,0.97418288251
512,0.972403916381
513,0.965248830002
514,0.969907445478
515,0.95813842721
516,0.953835954793
517,0.935327252925
518,0.915256739218
519,0.819235728744
520,0.737712227071
521,0.750826963528
522,0.831237381586
523,0.879550431445
524,0.863289822403
525,0.801704553603
526,0.704384522403
527,0.626448098121
528,0.622326716996
529,0.687348254315
530,0.79027040698
531,0.868890257846
532,0.915631386258
533,0.934109841224
534,0.94817206527
535,0.962135963678
536,0.966998615201
537,0.96943647533
538,0.956093067198
539,0.941053879155
540,0.942294671223
541,0.957092985999
542,0.954812222074
543,0.946649162917
544,0.914490627086
545,0.842280582601
546,0.791335249966
547,0.833784955414
548,0.90665325364
549,0.960846717363
550,0.977181411432
551,0.972739721659
552,0.993863992108
553,0.976522507705
554,0.968655463981
555,0.979740744481
556,0.971474076099
557,0.975843202596
558,0.973528341227
559,0.955948154344
560,0.93773438034
561,0.921847110611
562,0.92697994591
563,0.956728350016
564,0.964657604776
565,0.964736651802
566,0.953437927235
567,0.965260737692
568,0.953362078104
569,0.935473131421
570,0.876055689806
571,0.794404067738
572,0.787919324832
573,0.851919769199
574,0.925744184582
575,0.952813590809
576,0.961379576651
577,0.975638237023
578,0.972122823978
579,0.986250193204
580,0.979405902297
581,0.970463561464
582,0.966581004716
583,0.96652702979
584,0.966373159323
585,0.958660540555
586,0.953577886494
587,0.927448169854
588,0.874040705114
589,0.820561555995
590,0.810242285708
591,0.82876665843
592,0.853421732705
593,0.854394997127
594,0.8501049588
595,0.813433099243
596,0.776224701132
597,0.749874231309
598,0.770367716865
599,0.822950836153
600,0.871273722086
601,0.904872120994
602,0.936340895437
603,0.963480167436
604,0.972191377969
605,0.989602560352
606,0.980583410883
607,0.986063354954
608,0.985010198138
609,0.984423650638
610,0.989771207301
611,0.991251883345
612,0.988198304029
613,0.99147955378
614,0.995694756673
615,0.992607607019
616,0.980116170575
617,0.979329072525
618,0.986379306156
619,0.982557376171
620,0.984772127528
621,0.983818324077
622,0.986400273379
623,0.98544645663
624,0.989096255231
625,0.994581298982
626,0.977046143031
627,0.987135498887
628,0.967896625578
629,0.966774814947
630,0.939624517523
631,0.88664224376
632,0.86492532806
633,0.891198852769
634,0.946445311061
635,0.974594368566
636,0.989260889096
637,0.995750500319
638,0.985950103256
639,0.985462914555
640,0.990951703806
641,0.992768423794
642,0.988375001656
643,0.994499131231
644,0.995748616298
645,1.00123920293
646,0.992637557716
647,0.989612349314
648,1.00478894589
649,0.99571864129
650,0.985511820645
651,0.986059828907
652,0.979693115973
653,0.984917780396
654,0.963550265094
655,0.944586195472
656,0.918971514887
657,0.939630931808
658,0.960425975336
659,0.957831906897
660,0.988153771896
661,0.98148365569
662,0.98570802848
663,0.982980981849
664,0.979016993967
665,0.973615335429
666,0.970553051981
667,0.962877329972
668,0.965530805168
669,0.976341889345
670,0.97304511805
671,0.986933609717
672,0.979724950393
673,0.974822836748
674,0.961292797172
675,0.947259846315
676,0.930516677411
677,0.930293517012
678,0.943047438674
679,0.962257991003
680,0.981938667393
681,0.987103518131
682,0.989826827342
683,0.984320682058
684,0.984902952299
685,0.976987119554
686,0.982822144863
687,0.978218047705
688,0.978097433531
689,0.96318584979
690,0.975814787116
691,0.96351208885
692,0.959173718602
693,0.946802110723
694,0.919065813157
695,0.883326749445
696,0.843600760157
697,0.80176195758
698,0.787739451208
699,0.838431843589
700,0.894385640646
701,0.929284047106
702,0.949820942934
703,0.958773615107
704,0.952188856479
705,0.940613565122
706,0.917415830377
707,0.892440777132
708,0.868401171595
709,0.875644239952
710,0.888817020396
711,0.931637575789
712,0.951212884682
713,0.969315972744
714,0.987990354051
715,0.988506651876
716,0.987749737076
717,0.988165547272
718,0.987710134679
719,0.985914210547
720,0.989781862737
721,0.982154272565
722,0.988938050928
723,0.98043822012
724,0.992049403767
725,0.99253262128
726,0.994189187151
727,0.982871921648
728,0.990227625164
729,0.9762268693
730,0.983046489332
731,0.980377506899
732,0.980793262797
733,0.983154038835
734,0.984710182794
735,0.9771107783
736,0.981115125927
737,0.979350880032
738,0.982081115711
739,0.9888033216
740,0.974593855251
741,0.988797323438
742,0.973747781972
743,0.958730350104
744,0.960286069879
745,0.947984381879
746,0.957894934246
747,0.967907105324
748,0.982953968785
749,0.982564750451
750,0.979960439912
751,0.977993577844
752,0.981933906245
753,0.984632660402
754,0.981692271368
755,0.981168602876
756,0.976045645955
757,0.972500114753
758,0.963951673496
759,0.952246278132
760,0.931742452549
761,0.891122767857
762,0.873501992567
763,0.915790424314
764,0.957511980997
765,0.962024736842
766,0.961231152643
767,0.957582446339
768,0.944595262861
769,0.943028113411
770,0.966656018404
771,0.968180535916
772,0.984051044424
773,0.992833804157
774,0.983506980438
775,0.97512010897
776,0.986121519373
777,0.98146411074
778,0.967530864131
779,0.964518914576
780,0.973606172959
781,0.961418334202
782,0.965968568973
783,0.978015284429
784,0.988819357373
785,0.985269677729
786,0.985047976698
787,0.991920284841
788,0.992573069399
789,0.987476174488
790,0.981201886332
791,0.989487681536
792,0.980488933843
793,0.99392098324
794,0.994641316287
795,0.992301033307
796,0.98612607684
797,0.976115894856
798,0.97787831283
799,0.977319715179
800,0.987223717725
801,0.975832279545
802,0.983247416398
803,0.970340586972
804,0.969545954393
805,0.947585365033
806,0.924512162259
807,0.905071298231
808,0.908311966817
809,0.920471922036
810,0.93138769429
811,0.962433041372
812,0.973318215616
813,0.953705778889
814,0.911199535234
815,0.869598196319
816,0.856543178223
817,0.890657796772
818,0.941106157287
819,0.969268051348
820,0.984468047132
821,0.98986981243
822,0.987863039774
823,0.982050330353
824,0.980245073751
825,0.992047327785
826,0.981248748745
827,0.981060103304
828,0.993571530153
829,0.986713064232
830,0.980494058182
831,0.983809318594
832,0.977892818593
833,0.980298498534
834,0.985737136056
835,0.988884793133
836,0.982495596593
837,0.974589203835
838,0.965569837288
839,0.964234357074
840,0.955213625221
841,0.905640938981
842,0.836680279367
843,0.806750954556
844,0.860090268751
845,0.936124765221
846,0.960715337039
847,0.970910675694
848,0.977667590706
849,0.97697275423
850,0.971556645402
851,0.962194246728
852,0.967670449372
853,0.945422956862
854,0.950831420742
855,0.954958626746
856,0.962493225933
857,0.96786955789
858,0.961236433993
859,0.958212584517
860,0.939938358242
861,0.925103929428
862,0.884218958341
863,0.835568930961
864,0.789175176344
865,0.745982943337
866,0.683279702181
867,0.655738442846
868,0.677911409899
869,0.752404823577
870,0.827479253014
871,0.88409583406
872,0.924344934776
873,0.953558310089
874,0.972139507965
875,0.976508060654
876,0.990466331192
877,0.980654149734
878,0.984686060106
879,0.98297745722
880,0.992413329968
881,0.996513936199
882,0.990381145439
883,0.988064510313
884,0.993009953441
885,0.989882507137
886,0.993679946858
887,0.989369825336
888,0.988235046249
889,0.987167730348
890,0.985694856569
891,0.989188903781
892,0.987006370801
893,0.974550615596
894,0.987304305012
895,0.973461724646
896,0.982735429337
897,0.976800334542
898,0.982052781598
899,0.985548001097
900,0.974473943466
901,0.972594006088
902,0.977610611265
903,0.971673551755
904,0.943725133406
905,0.881217784622
906,0.808898347309
907,0.816917856325
908,0.872214662782
909,0.944460067411
910,0.971967896666
911,0.974044122958
912,0.982377949444
913,0.985266688402
914,0.977195742832
915,0.97196562737
916,0.962844521157
917,0.955786283162
918,0.943652327104
919,0.909219795488
920,0.869640739347
921,0.822478042959
922,0.825597198559
923,0.876128940292
924,0.91705404173
925,0.936559201816
926,0.921948825054
927,0.914648266139
928,0.904131260112
929,0.898284752328
930,0.899005197855
931,0.851313319475
932,0.784555649584
933,0.770237713833
934,0.838705426249
935,0.932271022784
936,0.972071218552
937,0.983327373498
938,0.987540431925
939,0.992600595115
940,0.989159992096
941,0.990190052231
942,0.990373391518
943,0.9854078317
944,0.981525826818
945,0.984452869842
946,0.981823980043
947,0.980753362203
948,0.984189031928
949,0.984168837507
950,0.997398034057
951,0.99673461273
952,0.99159775393
953,0.99279798369
954,0.982000395503
955,0.988352181652
956,0.98836607745
957,0.986074952359
958,0.971817249834
959,0.979322394834
960,0.97208076354
961,0.967211707805
962,0.950882093772
963,0.925022970111
964,0.918523305959
965,0.928401786527
966,0.938993377942
967,0.964575887404
968,0.980596722143
969,0.990208781495
970,0.994259102857
971,0.983520543676
972,0.998765190524
973,0.984362057678
974,0.990618023028
975,0.997281716946
976,0.996447844429
977,0.998430097878
978,0.995051311954
979,0.996456820451
980,0.98998951513
981,0.983250089427
982,0.988659963661
983,0.98236104172
984,0.976265159996
985,0.973630909108
986,0.945028486702
987,0.924061286355
988,0.891821227292
989,0.888978676757
990,0.920392980122
991,0.966885551794
992,0.981431109655
993,0.991224166849
994,0.987774496655
995,0.997161292562
996,0.97887042884
997,0.992604977179
998,0.98321087831
999,0.981118638907
1000,0.970364352304
1001,0.975778583203
1002,0.961625864473
1003,0.943225154405
1004,0.894109619812
1005,0.809348238317
1006,0.77255542937
1007,0.846940119441
1008,0.934958478796
1009,0.973064583219
1010,0.980010609281
1011,0.988112837411
1012,0.986665284748
1013,0.995754314725
1014,0.995802599617
1015,0.997788474551
1016,0.997360941537
1017,1.00036696535
1018,0.997321695212
1019,0.990196211204
1020,0.991298270612
1021,0.98706202576
1022,0.992040526651
1023,0.997529599346
1024,0.992306820781
1025,0.977901046645
1026,0.976315971771
1027,0.977077606825
1028,0.958859409776
1029,0.931012967816
1030,0.860063688933
1031,0.772710307428
1032,0.772679767935
1033,0.860767300949
1034,0.941071872098
1035,0.965548023089
1036,0.973591326984
1037,0.982860456861
1038,0.991143596959
1039,0.976319586817
1040,0.983037650314
1041,0.9944532843
1042,0.99708840579
1043,0.990090762066
1044,0.982854154533
1045,0.976025351127
1046,0.96143387446
1047,0.964817034416
1048,0.948929801915
1049,0.948499210379
1050,0.966319654741
1051,0.957581136102
1052,0.983202079386
1053,0.976915526487
1054,0.986941730645
1055,0.984128745161
1056,0.992487312334
1057,0.990934620652
1058,0.997216441828
1059,0.997809949941
1060,1.00092447866
1061,0.990888783371
1062,1.00017001687
1063,1.0005252797
1064,0.996178407812
1065,0.997351319463
1066,0.98206515265
1067,0.985350369126
1068,0.978479970689
1069,0.980129397575
1070,0.957784108785
1071,0.953433679032
1072,0.930573614719
1073,0.884496988236
1074,0.839609039268
1075,0.857207211631
1076,0.894990493505
1077,0.944506211877
1078,0.966033197432
1079,0.972865801184
1080,0.989076627798
1081,0.980019545868
1082,0.977168424994
1083,0.986458473812
1084,0.975046569941
1085,0.97120564418
1086,0.953413286189
1087,0.928012259072
1088,0.877603573484
1089,0.793177179287
1090,0.687794846961
1091,0.606148710222
1092,0.59505505233
1093,0.659608322898
1094,0.775250684553
1095,0.86810873062
1096,0.930432355772
1097,0.968701502821
1098,0.97513099612
1099,0.98975273762
1100,0.98447611885
1101,0.985752922081
1102,0.98208002162
1103,0.976938811883
1104,0.993783306637
1105,0.986935079447
1106,0.985446698318
1107,0.984880088789
1108,0.979976790295
1109,0.97234114319
1110,0.970339510295
1111,0.939752698226
1112,0.872482178341
1113,0.7995353661
1114,0.794006782061
1115,0.86851072058
1116,0.944832402364
1117,0.980645747425
1118,0.989712668937
1119,0.98798432493
1120,0.99541248665
1121,0.998228643891
1122,0.995987911868
1123,0.995865606256
1124,0.986072228566
1125,0.993912208079
1126,0.992286009028
1127,0.985430362914
1128,0.985820213034
1129,0.978861037963
1130,0.982327107811
1131,0.984255189675
1132,0.985260418961
1133,0.980761420694
1134,0.972261750588
1135,0.953845660328
1136,0.934162619067
1137,0.891703768223
1138,0.788917801135
1139,0.730819068486
1140,0.768714161837
1141,0.865576688291
1142,0.932896954419
1143,0.955346777503
1144,0.953033133925
1145,0.946922134481
1146,0.939339506488
1147,0.925084853347
1148,0.898648842686
1149,0.870123132805
1150,0.847343048371
1151,0.846289422731
1152,0.869155522166
1153,0.897875771644
1154,0.925298335914
1155,0.953476529756
1156,0.968274815262
1157,0.977187257139
1158,0.992980818481
1159,0.994330116955
1160,0.997733553506
1161,0.992544309881
1162,0.998139145722
1163,0.998359090773
1164,0.995668646535
1165,0.998148451151
1166,0.996758985702
1167,1.00081436255
1168,1.00223313066
1169,1.00228209775
1170,0.992295771379
1171,0.98261673563
1172,0.984411680455
1173,0.973635147502
1174,0.974128068159
1175,0.97081833971
1176,0.976690023612
1177,0.988626634792
1178,0.980348913821
1179,0.992800849311
1180,0.996790076024
1181,0.995845016851
1182,0.992432406682
1183,0.987305866133
1184,0.9833784006
1185,0.974035055924
1186,0.953825000777
1187,0.957950801622
1188,0.956626436109
1189,0.980053538037
1190,0.986169679711
1191,0.988069322388
1192,0.979374461479
1193,1.00774483242
1194,0.988042872863
1195,0.982947400138
1196,0.987282204709
1197,0.981328810971
1198,0.980690883028
1199,0.973501828667
1200,0.983256489431
1201,0.97905114157
1202,0.963971077586
1203,0.962954783805
1204,0.954768194618
1205,0.93718018281
1206,0.936951570346
1207,0.910096671839
1208,0.871538112773
1209,0.822406587646
1210,0.767813811614
1211,0.673543024369
1212,0.572295925141
1213,0.500659035033
1214,0.485203445847
1215,0.534141238103
1216,0.631691305643
1217,0.730658416754
1218,0.82963522174
1219,0.88525994907
1220,0.920152363186
1221,0.940146490811
1222,0.953412445463
1223,0.96070469832
1224,0.960786103662
1225,0.951595054434
1226,0.953874046165
1227,0.951550921447
1228,0.923604332472
1229,0.859210519121
1230,0.796768394158
1231,0.81250655715
1232,0.897057796392
1233,0.950078589725
1234,0.967613176525
1235,0.974463743961
1236,0.981211900091
1237,0.973700215652
1238,0.964435213358
1239,0.95537549877
1240,0.942981227947
1241,0.922783889043
1242,0.890107867312
1243,0.825565087197
1244,0.736747614419
1245,0.639155515469
1246,0.574006509022
1247,0.579707280089
1248,0.649082583849
1249,0.75666407471
1250,0.843659763464
1251,0.89507421352
1252,0.927098908913
1253,0.919509894178
1254,0.872851599818
1255,0.791554972565
1256,0.800330062932
1257,0.877795582588
1258,0.942679012582
1259,0.964741116312
1260,0.98604855375
1261,0.988986810641
1262,0.994712146351
1263,0.999818726948
1264,0.991403387348
1265,0.999538376863
1266,0.991191020422
1267,0.999120318666
1268,0.994833086684
1269,1.00620500678
1270,0.990697324776
1271,1.00757736242
1272,1.00215378705
1273,1.00151453224
1274,0.989859184216
1275,1.00226701461
1276,0.986410284496
1277,0.973375270453
1278,0.966089096293
1279,0.968719068778
1280,0.97592918681
1281,0.9753572663
1282,0.988664055598
1283,0.990296884884
1284,0.993032018931
1285,0.982988808365
1286,0.974666880495
1287,0.95507993724
1288,0.947892629623
1289,0.95544941799
1290,0.960733106199
1291,0.980350119374
1292,0.984601884368
1293,0.993988197125
1294,0.991866146547
1295,0.993052108251
1296,0.997581032462
1297,0.996699550367
1298,0.998368444701
1299,0.993281890326
1300,0.97368334156
1301,0.99062191568
1302,0.983396935074
1303,0.987444304871
1304,0.989526947151
1305,0.978749655457
1306,0.970936521623
1307,0.9654673255
1308,0.969721704827
1309,0.978562923744
1310,0.982232102834
1311,0.981211307379
1312,0.990813164702
1313,0.99379366506
1314,0.989358495399
1315,0.993718999514
1316,1.00021870016
1317,0.991884924057
1318,0.995487204187
1319,1.00654212862
1320,0.997448366306
1321,0.994909608915
1322,0.996304335318
1323,0.982239554562
1324,0.992261252999
1325,0.998211577357
1326,0.999434174854
1327,1.00272778864
1328,1.00112036518
1329,1.00544993629
1330,1.00097732603
1331,1.00006001349
1332,0.986955839519
1333,0.993874950797
1334,0.977178390794
1335,0.977537280938
1336,0.957661489739
1337,0.958295709269
1338,0.948466299724
1339,0.958390134352
1340,0.974738836018
1341,0.97965682576
1342,0.982433792759
1343,0.991843125102
1344,0.990302985542
1345,0.992009975755
1346,0.997551879109
1347,0.984506991526
1348,0.990152723347
1349,0.974445653334
1350,0.964265684892
1351,0.966559344482
1352,0.956239753654
1353,0.955872187336
1354,0.922913677136
1355,0.876541635119
1356,0.840568870102
1357,0.877250269102
1358,0.937441318409
1359,0.973024891905
1360,0.989736152154
1361,0.99217049045
1362,0.987828463973
1363,0.995034466718
1364,0.996847023947
1365,0.991086820689
1366,0.995665869006
1367,0.997651640872
1368,0.992513150223
1369,0.993807233366
1370,0.993268271586
1371,1.00902108518
1372,1.00402050761
1373,0.99237752603
1374,0.99536707636
1375,0.989673150523
1376,0.979204082605
1377,0.983231428797
1378,0.966601885117
1379,0.938032481889
1380,0.870598575705
1381,0.834927187945
1382,0.887435130728
1383,0.952892534629
1384,0.983259760959
1385,0.9997498598
1386,1.00194538944
1387,1.01147998243
1388,1.00439844031
1389,1.00690611042
1390,0.995911319582
1391,1.00700558013
1392,0.99452080074
1393,1.00426561771
1394,1.00192581667
1395,1.00308350354
1396,1.00850111376
1397,1.01007485156
1398,1.00600307433
1399,1.00324712832
1400,1.00714168219
1401,1.01356542497
1402,1.00370765727
1403,1.01137906999
1404,1.00463838562
1405,1.01425089067
1406,1.00563859741
1407,0.997787784033
1408,1.00691623209
1409,1.00287673926
1410,0.993673018881
1411,1.00519403868
1412,0.998173102205
1413,1.0017232916
1414,1.00208479751
1415,1.00435292153
1416,0.994487873038
1417,1.00382823247
1418,1.00058420516
1419,1.00267934375
1420,1.00498273184
1421,0.985024726585
1422,0.983235566944
1423,0.976937979333
1424,0.981286703304
1425,0.988237028973
1426,0.988910238244
1427,0.991421857155
1428,0.991228104809
1429,1.00882986736
1430,1.00298234603
1431,1.00892972441
1432,1.00502451003
1433,1.0078499366
1434,1.01015517685
1435,1.00506966179
1436,1.00456419779
1437,0.995417664417
1438,0.991718848671
1439,0.99492622538
1440,0.992545924677
1441,0.999224636199
1442,1.00222459217
1443,1.00223951006
1444,1.00610778546
1445,1.00133200105
1446,0.9989165919
1447,1.00511152269
1448,0.995543371233
1449,0.996252432946
1450,1.00279540479
1451,0.991524095628
1452,0.992615079061
1453,0.987176855626
1454,0.974305419685
1455,0.974006358478
1456,0.978570246281
1457,0.984906187851
1458,0.995863045024
1459,0.996259807456
1460,0.999609717308
1461,1.0052183303
1462,0.998214740383
1463,1.00691637797
1464,1.0014411487
1465,1.00444463517
1466,1.00449443292
1467,1.00874953081
1468,1.00810442237
1469,1.00161991395
1470,0.995934234975
1471,0.991186549892
1472,0.989601838157
1473,0.970669310274
1474,0.969674455471
1475,0.956162915327
1476,0.973386733201
1477,0.984457660862
1478,1.00005023808
1479,0.989667291265
1480,0.996915213088
1481,0.994251939922
1482,1.00303114482
1483,1.00763736923
1484,0.992452055153
1485,0.990483742851
1486,0.977626817795
1487,0.967621314788
1488,0.941506711028
1489,0.887520757742
1490,0.825144047039
1491,0.818921742495
1492,0.886087037343
1493,0.943236783806
1494,0.977736693605
1495,0.993655323107
1496,0.991894822818
1497,0.986862357706
1498,0.997980307059
1499,0.97895413152
1500,0.97026507049
1501,0.946883979832
1502,0.938192462902
1503,0.929743799126
1504,0.940618496131
1505,0.946689098588
1506,0.965330987618
1507,0.979865547857
1508,0.987436492722
1509,0.992082719535
1510,0.993211703451
1511,0.979154706364
1512,0.981223630012
1513,0.963820580862
1514,0.917850542958
1515,0.870377927045
1516,0.885924604637
1517,0.931366299339
1518,0.971795175917
1519,0.994318081106
1520,0.995168968791
1521,1.00490613116
1522,1.00328331273
1523,1.01361431833
1524,0.994460711402
1525,1.01176325273
1526,1.01233641
1527,1.01545427299
1528,1.01390121477
1529,1.01489290391
